5.12034e-11
-1.24407e-11
-5.25929e-12
1.30553e-11
-1.09167e-10
3.52791e-11
-9.51723e-12
-7.11451e-11
2.28019e-11
-1.21442e-11
-3.06473e-11
-2.32109e-11
1.13919e-11
-5.3078e-11
3.54354e-11
-8.40925e-12
3.59846e-11
4.34447e-11
2.59315e-11
-4.43909e-11
2.64788e-11
1.9128e-12
-3.71416e-11
5.01133e-11
4.37329e-11
9.21424e-12
-7.14058e-12
-1.68238e-11
1.80318e-11
5.61901e-11
1.74726e-12
2.62638e-11
-4.87282e-12
1.1752e-10
-8.13007e-11
1.01137e-11
2.97107e-11
-2.95113e-11
-6.39688e-11
3.16063e-12
2.28807e-11
1.51206e-11
-3.25535e-11
-7.31393e-11
1.07994e-11
4.8268e-11
-2.42585e-11
-3.46479e-12
4.88992e-11
6.96462e-11
-2.97701e-11
-1.76482e-11
-6.71292e-11
-8.8653e-11
-9.9664e-12
-1.39035e-11
4.13155e-11
1.612e-11
1.49158e-11
-3.93213e-12
-1.04011e-10
-4.55148e-12
-2.67435e-11
3.16064e-11
-3.51049e-11
-7.34127e-11
-4.77268e-11
7.7827e-11
9.16889e-12
-1.7371e-11
-1.86931e-11
1.95347e-11
1.1333e-11
-3.66978e-11
8.89987e-12
3.33252e-11
-4.40784e-11
-2.21671e-11
-3.17182e-11
-1.03464e-11
-4.72295e-11
-1.88908e-11
-3.75096e-11
-2.35233e-11
-2.80474e-11
-8.78688e-12
5.7603e-12
8.69236e-11
-1.16334e-11
2.99038e-11
7.30609e-11
5.14352e-11
1.44275e-11
1.75446e-11
-2.55972e-11
-2.76224e-11
-2.74309e-11
-7.15148e-12
-3.38304e-11
-2.94449e-11
-2.28569e-11
9.92468e-12
3.01727e-11
5.0951e-11
2.9899e-11
-8.59093e-13
-6.72723e-13
1.30599e-11
2.2273e-12
-1.55686e-12
-1.87825e-11
2.71698e-11
-4.42829e-11
5.31526e-12
2.79483e-11
4.81965e-11
7.11015e-11
2.28221e-11
-2.93329e-11
-2.72612e-11
7.98031e-12
6.16636e-12
-1.54653e-11
-5.26635e-11
4.1476e-11
4.44411e-11
3.43306e-11
4.59655e-11
6.12561e-11
-2.3853e-11
2.22596e-11
-3.4462e-12
-1.8006e-11
4.22878e-11
3.24329e-11
-4.29022e-11
-1.01721e-11
-1.00787e-11
-9.13272e-11
-4.68289e-11
3.34953e-11
-8.04668e-11
3.00648e-11
-3.61002e-11
2.19838e-12
-2.70378e-11
3.22679e-11
-1.37141e-11
-2.27269e-11
2.07142e-11
-3.89533e-11
-2.76654e-11
4.43594e-12
-1.77723e-11
-2.58146e-12
-2.27325e-11
3.20641e-11
-3.86203e-11
3.17134e-11
-2.31162e-11
-8.94838e-12
-1.58752e-11
-1.66877e-11
-2.53204e-12
-2.85903e-11
-2.91078e-11
-2.81361e-11
1.84237e-11
1.83012e-11
-1.53055e-11
5.54828e-11
-2.88557e-12
-9.37324e-11
-4.91882e-12
1.49176e-11
6.50212e-12
-1.27839e-11
-6.78325e-12
-4.08419e-11
5.83955e-11
5.2072e-11
-1.28388e-11
-8.77103e-12
-9.89266e-12
-5.79954e-12
-2.29905e-12
2.33167e-11
9.06699e-11
-4.75348e-11
-2.27787e-11
3.86711e-11
6.35751e-11
5.86341e-12
-2.17899e-11
2.76811e-11
1.75044e-11
7.18179e-11
1.04066e-11
7.34433e-12
9.76418e-11
1.78284e-12
-5.89481e-11
-4.78244e-11
1.60531e-11
-1.51575e-11
-3.50199e-12
9.80766e-12
-7.61821e-11
-2.4034e-11
-7.20126e-12
1.16072e-10
5.7543e-11
3.83532e-11
-8.89631e-11
1.04958e-11
-9.46578e-12
-1.50525e-11
2.88511e-12
-2.49805e-11
-2.53325e-11
1.1913e-11
1.87008e-11
-5.85718e-11
-3.09259e-11
-3.67144e-11
3.98527e-11
-3.85918e-11
2.12412e-11
-1.22777e-11
7.54761e-12
-2.18671e-11
-8.67584e-12
-4.26609e-11
-4.98518e-11
3.5557e-11
-3.91778e-11
3.44952e-11
-7.6498e-11
7.45645e-12
-4.57884e-11
7.96552e-12
2.47404e-11
6.0594e-11
-1.65691e-11
6.03181e-13
-1.45135e-11
-2.88594e-11
4.10305e-11
3.84732e-11
-2.72694e-11
4.68193e-11
-1.51703e-11
-5.8334e-11
-4.93767e-11
-1.59764e-11
5.45842e-11
-2.90785e-12
-1.78853e-11
-5.39953e-11
7.39375e-12
7.69745e-13
5.39279e-11
5.13897e-11
-3.85276e-11
-1.15946e-11
7.76735e-12
4.82537e-13
-1.11583e-11
8.80106e-12
-4.3065e-11
-5.24036e-11
4.51857e-11
2.7573e-11
2.1774e-11
3.15536e-11
-7.18982e-11
-2.14093e-11
-2.40625e-12
-1.89054e-12
-4.18055e-11
-3.64314e-11
-6.76783e-11
4.55038e-11
4.37542e-11
5.49188e-11
4.60618e-11
3.33921e-11
-4.35658e-11
1.62311e-11
4.44037e-11
-3.0428e-11
-1.57665e-11
4.56742e-11
4.75184e-11
-6.53029e-11
-7.08871e-11
2.68707e-11
-3.86748e-11
-4.23069e-11
5.3619e-11
7.01281e-11
1.36491e-11
-3.39035e-11
1.83686e-11
1.16938e-11
-3.13208e-12
2.39105e-12
9.6854e-12
-2.79138e-11
5.48655e-11
2.71425e-11
1.20909e-10
-3.78032e-11
1.27161e-11
3.12046e-12
4.27106e-11
-2.945e-11
4.96703e-11
6.64745e-11
-6.03444e-11
2.62354e-11
4.22915e-11
-4.58423e-11
3.77631e-11
2.88175e-11
4.80089e-11
8.66155e-11
4.56433e-12
1.60997e-11
-2.7706e-11
-1.84688e-11
7.77446e-12
-8.61488e-11
-1.09491e-11
4.39521e-12
-3.57508e-12
9.89646e-12
-9.75349e-12
-2.05879e-11
-2.07014e-11
3.62757e-11
-2.61679e-11
-1.00134e-11
-2.69006e-11
3.95605e-12
3.55986e-11
-5.40211e-11
6.99033e-13
6.97723e-12
3.22409e-11
3.8516e-11
4.6471e-11
3.30993e-11
2.59178e-11
-1.70854e-11
-1.23747e-11
-2.38304e-11
1.64179e-11
-1.19348e-11
1.33585e-11
4.92466e-11
-3.61443e-11
-9.59212e-11
-1.37129e-11
4.96592e-11
9.31639e-12
5.20652e-11
-2.48814e-11
2.68866e-11
1.73836e-12
5.57032e-11
-5.00773e-11
-4.8841e-11
4.95516e-11
-5.1479e-12
-7.27863e-11
6.99203e-11
1.21721e-11
-4.88409e-11
-6.55348e-11
4.16824e-11
2.56838e-11
3.56711e-12
-1.27116e-11
6.19772e-11
-1.61663e-11
3.62185e-11
1.39995e-12
-3.91691e-11
4.4723e-11
3.33683e-11
-1.10468e-11
-5.21327e-11
-2.54619e-12
-2.60775e-11
-1.11252e-10
4.12027e-11
6.2588e-12
2.13723e-11
-1.77263e-11
3.02189e-11
-5.08165e-11
5.80303e-11
-2.99193e-11
3.89542e-11
6.7379e-11
4.00322e-11
1.3982e-10
2.32091e-11
-4.8842e-12
-1.49178e-11
-3.43186e-12
-4.0407e-11
1.02518e-11
4.37501e-11
-1.89434e-11
-4.06395e-11
4.23671e-11
2.33891e-11
-1.02588e-11
-2.84986e-11
-8.76069e-11
-3.92209e-12
-2.46336e-11
2.5056e-11
-3.14363e-12
1.60147e-11
-1.57984e-11
-6.47037e-11
1.93081e-11
2.97501e-11
1.58957e-12
-5.27083e-12
-2.09539e-11
2.22929e-11
-2.44219e-11
-9.62691e-12
5.04329e-12
3.83695e-11
3.2396e-11
-2.80204e-11
2.63338e-11
1.37598e-11
4.09356e-11
-1.5657e-11
-2.67455e-11
1.87513e-13
1.09662e-11
7.44768e-11
-6.33412e-11
3.21652e-11
-2.48188e-11
-5.91268e-12
-3.59755e-11
-8.17126e-12
2.01753e-11
3.94626e-11
-2.65189e-11
2.67567e-11
5.26908e-12
-3.54058e-11
6.61991e-11
5.13125e-11
4.75106e-12
5.21462e-11
-1.93132e-11
2.0556e-11
-4.33693e-11
-4.97172e-11
1.60084e-11
-1.78415e-11
-1.26995e-11
-6.15049e-11
6.96078e-11
9.53243e-12
5.62006e-11
1.04314e-11
1.92111e-11
-4.45759e-11
4.78746e-12
1.11733e-10
2.34343e-13
-9.66999e-12
4.13867e-11
-3.72548e-11
6.62021e-11
-4.57941e-11
-2.56012e-11
1.91126e-11
-1.22233e-11
1.09657e-11
1.66819e-12
9.65586e-12
1.57938e-11
-2.23252e-11
2.54177e-11
-9.46807e-12
-3.27933e-11
3.25916e-11
-5.40512e-11
5.41681e-12
-3.09429e-11
6.56622e-12
-4.8676e-12
-2.44093e-11
2.37966e-11
-4.88391e-11
-3.50308e-11
6.375e-11
4.3128e-11
6.57368e-11
-5.11558e-11
5.2253e-12
4.96835e-11
2.10162e-11
1.70182e-11
-3.51034e-11
-3.81542e-11
1.09516e-11
8.27305e-12
3.74729e-11
-3.43818e-11
-5.86218e-11
7.1918e-11
2.89651e-11
-8.6722e-13
1.8161e-11
9.83421e-12
2.86674e-11
3.41398e-11
-5.71992e-11
4.15678e-11
2.02329e-13
2.48873e-11
-3.76521e-12
-1.15779e-11
3.5624e-12
-1.23024e-11
1.30377e-11
-1.21701e-12
-3.00313e-11
-2.8031e-11
1.49095e-11
-5.53084e-11
9.65402e-14
9.06504e-14
3.90706e-11
9.16046e-12
-1.54481e-11
6.38217e-12
-4.30138e-11
4.38256e-11
1.0357e-12
1.83821e-11
-8.33475e-12
-9.9672e-11
7.43814e-11
-4.31556e-11
4.45391e-11
-2.8578e-11
2.16669e-11
-2.87268e-13
-2.83525e-11
-3.14443e-11
-3.69917e-11
-1.93002e-11
1.78096e-11
-5.15734e-13
6.91533e-11
-2.83166e-11
2.86288e-12
1.2363e-11
2.79822e-11
-2.86347e-11
2.01088e-11
2.37533e-11
3.34585e-11
2.82374e-12
2.56458e-11
3.38232e-11
2.6319e-11
-9.05785e-12
-6.47004e-11
2.14642e-11
4.86441e-11
-2.1124e-11
-2.24787e-12
1.51443e-11
-7.96062e-12
-4.94218e-11
1.10622e-12
1.25935e-11
-2.61849e-12
-5.53177e-11
-4.35972e-11
4.04286e-11
2.22125e-11
-6.6553e-11
3.29672e-11
6.33852e-11
4.23489e-11
-4.24861e-11
-2.83628e-11
-6.51157e-11
-5.7428e-11
5.46146e-11
1.86109e-11
6.4741e-11
-1.81972e-11
7.01113e-12
-5.37584e-11
-3.53785e-11
-4.11521e-11
-6.11319e-11
-9.93345e-12
-5.13875e-12
1.63169e-11
-8.84125e-12
1.22012e-11
6.80439e-12
3.13274e-11
-1.7439e-11
-5.54875e-12
2.97179e-11
-4.71277e-11
4.02439e-11
-2.9893e-13
2.64434e-11
-4.02035e-12
-1.56901e-11
2.75411e-11
-7.47887e-11
2.77506e-11
-2.40457e-12
-2.50638e-11
-9.02069e-12
5.00557e-12
-9.75229e-11
-3.38716e-11
-3.79852e-12
6.7027e-11
6.69987e-12
-6.89636e-11
4.04099e-11
2.94496e-11
-2.63238e-11
-9.15374e-12
-3.77738e-11
-1.75384e-11
2.64021e-11
-1.30299e-11
-7.23511e-11
-1.9414e-11
-2.42688e-11
3.59343e-11
2.5993e-12
8.20722e-12
3.65545e-11
-1.32589e-11
6.28223e-12
-3.93942e-11
-1.4683e-11
4.11803e-11
2.07567e-11
9.23408e-11
1.02412e-10
-2.06115e-11
6.79411e-12
2.48217e-11
-6.33368e-12
-8.37236e-12
-2.08015e-11
-1.30944e-11
-7.91559e-12
-2.76817e-11
4.19254e-11
2.24683e-11
2.2186e-12
-1.61706e-13
2.59901e-11
-2.12834e-12
8.41172e-11
5.57239e-11
1.65125e-12
-2.97056e-11
2.31194e-11
-3.23916e-11
-2.58807e-11
-4.61959e-12
2.30747e-11
4.05855e-11
-9.13399e-11
8.39903e-14
1.10752e-11
-2.52055e-12
-1.62732e-11
2.64663e-12
3.10309e-11
7.21901e-12
2.77658e-11
2.24018e-11
-4.86648e-12
-3.54149e-14
3.98848e-11
4.02387e-11
-1.95718e-11
3.18589e-11
-2.26471e-11
-2.16785e-11
-2.68589e-11
1.96015e-11
-2.63797e-11
1.87368e-11
1.39003e-11
1.07337e-11
6.6953e-11
1.54344e-11
7.40814e-12
1.38864e-11
3.27448e-11
2.90931e-11
2.04196e-13
5.32948e-11
-2.52446e-11
-6.22176e-12
-4.06374e-11
-8.78273e-12
2.46384e-12
-3.05089e-11
-5.89352e-11
3.55371e-12
5.26478e-11
-6.31715e-12
4.88214e-11
4.0084e-11
-1.77911e-12
-4.35574e-11
3.9992e-11
6.39707e-11
-7.88049e-12
-2.20978e-11
5.34812e-11
1.26436e-11
-1.41493e-11
1.87596e-11
-2.42085e-11
5.87696e-11
-2.65132e-11
-3.423e-11
-4.79095e-11
-7.2634e-11
4.38954e-11
-4.79987e-11
-2.17877e-11
-2.40399e-11
5.4333e-11
-2.56384e-11
-5.30972e-11
-7.17649e-11
-4.59908e-11
3.5697e-11
-7.11015e-11
9.23795e-13
-7.01964e-11
5.93521e-11
-3.77093e-11
-3.76965e-11
3.47712e-11
-2.08534e-11
1.50288e-11
-5.18853e-11
1.02984e-11
1.49774e-11
5.97186e-11
-5.43356e-11
-3.89688e-11
4.08506e-11
1.97576e-11
3.26495e-11
7.11428e-11
9.74837e-12
-2.27378e-11
-1.29525e-11
6.20521e-11
4.62046e-12
1.15235e-11
-2.53487e-11
-4.89437e-11
-2.01038e-11
-2.90644e-13
2.78121e-11
-4.63303e-12
-1.50825e-11
-5.77402e-11
-5.27458e-11
1.9487e-11
-3.31171e-11
2.36642e-11
-5.09398e-11
-5.17125e-12
1.38549e-11
4.98048e-11
9.51806e-12
3.41948e-11
-4.50952e-12
-4.61239e-12
1.69846e-11
7.09992e-11
-2.05038e-11
1.08562e-11
6.25848e-11
-1.10843e-12
1.75706e-11
4.26373e-12
-2.44173e-11
-5.29731e-11
-2.01225e-11
2.90956e-11
-7.75713e-11
3.38697e-11
7.91881e-12
-5.05859e-11
2.94293e-11
-6.65235e-11
2.0534e-11
2.71013e-11
-4.4286e-11
3.82454e-12
7.74424e-12
7.03791e-12
-6.24567e-11
-8.66253e-13
-6.84908e-11
-4.12463e-11
3.62558e-11
6.02677e-11
5.9972e-11
4.02808e-11
1.32767e-11
-3.54334e-11
4.51068e-11
2.72115e-11
4.86761e-11
2.49354e-11
-6.12439e-11
8.69383e-11
-3.10658e-11
-6.62448e-12
-4.47802e-11
-5.26786e-11
-3.72669e-11
-3.89732e-11
-3.4001e-11
1.97876e-11
-2.00948e-11
1.40208e-11
-2.49817e-11
-1.67795e-11
-3.75254e-11
-3.68981e-11
4.46346e-12
3.95237e-11
-3.02961e-11
3.20606e-12
6.25839e-11
2.83505e-12
-1.70431e-11
4.47831e-11
6.09226e-11
-1.00043e-11
-4.50376e-13
7.4282e-12
7.99048e-12
-3.20974e-11
-5.46292e-11
4.79507e-11
3.05093e-11
5.80494e-11
-3.91493e-11
-2.45533e-11
7.72103e-11
-2.16171e-11
5.45194e-11
3.80634e-11
6.54918e-14
1.60295e-12
3.61863e-11
3.39646e-12
6.76541e-11
9.00432e-12
-8.02134e-11
-6.70901e-12
-5.79706e-12
-3.67482e-11
2.57149e-11
3.8842e-12
-3.6582e-11
-1.68299e-11
-1.17432e-11
3.78715e-11
-1.63209e-11
1.10529e-11
6.79592e-11
2.70199e-11
-4.68229e-11
9.95623e-12
-5.9117e-11
5.95276e-11
2.05093e-11
8.29705e-11
2.0569e-11
6.03467e-12
5.7273e-11
9.14254e-11
2.74149e-11
-1.06592e-11
4.12202e-11
5.80203e-11
1.96881e-11
5.92482e-12
1.62684e-11
-9.54739e-12
7.40239e-12
-2.40309e-11
2.26875e-11
-1.85481e-11
-3.06705e-12
3.5009e-11
-7.66458e-12
1.7765e-11
-3.90352e-12
-5.00612e-11
-1.56572e-11
1.34527e-11
-4.49255e-11
6.84258e-12
4.96313e-11
2.49769e-11
8.45308e-13
4.59223e-13
-3.42596e-11
-3.64307e-11
-7.48531e-12
-4.07456e-11
5.75512e-11
2.21464e-11
-3.29004e-11
-2.17073e-11
-9.06713e-12
-2.90436e-11
6.82394e-11
-6.12578e-11
-4.26336e-11
2.84271e-11
-2.29757e-11
-8.95196e-12
-2.7536e-11
-8.31772e-11
1.3948e-11
-2.03543e-11
-4.40145e-11
-5.2258e-11
-5.86758e-11
-7.17261e-12
8.79508e-12
2.21635e-11
-5.52154e-12
-7.07304e-12
-1.73463e-11
-4.49951e-12
4.10238e-11
2.14478e-11
6.31039e-11
-2.63914e-11
-1.50185e-11
2.25767e-11
1.68306e-11
-1.67749e-11
4.86588e-11
4.84258e-11
4.22149e-11
-4.08767e-11
-2.02195e-11
-7.71665e-11
2.35487e-11
7.81143e-12
-4.31501e-11
-5.48849e-12
-1.4274e-11
6.3318e-11
4.22023e-11
-2.65346e-11
-2.35832e-11
4.62945e-11
1.0959e-12
4.95146e-11
2.5282e-11
5.7707e-11
-5.77349e-11
4.32586e-11
4.36028e-11
-3.77609e-11
-1.16098e-11
-2.21143e-11
3.13407e-13
-1.18151e-11
2.81374e-11
2.53702e-11
-4.82235e-12
9.96947e-12
-5.31133e-11
2.70825e-11
-4.85043e-11
3.55292e-11
-2.84145e-11
-1.02203e-11
-2.02207e-11
-3.92513e-11
3.60632e-12
-2.60821e-11
-7.19072e-12
7.73265e-11
3.27933e-12
2.01231e-11
3.64832e-11
-8.37345e-11
-3.87991e-11
8.57498e-12
3.20622e-11
-2.0713e-11
5.24344e-11
-4.11174e-11
-2.24366e-11
-5.3127e-11
-1.929e-11
-6.2562e-11
-2.48007e-11
4.1445e-11
4.05834e-11
-7.99739e-12
4.59404e-11
-4.31608e-12
-2.75315e-11
1.03225e-11
8.81248e-12
-2.40696e-11
-4.98999e-11
2.98612e-11
-2.41168e-11
1.98543e-11
-2.44297e-13
-5.16983e-11
2.43365e-11
1.30397e-11
-2.63452e-11
6.82209e-12
-1.28985e-11
2.09815e-11
3.69233e-11
-3.24687e-11
-2.69274e-12
-1.83356e-11
-9.62567e-12
2.45094e-11
5.51685e-11
2.65364e-11
4.16361e-12
3.36439e-11
-3.87487e-11
1.96459e-11
3.1752e-11
1.19338e-11
2.44913e-11
-6.27097e-13
6.90227e-11
-6.63234e-11
-4.15872e-11
4.14268e-11
-1.63073e-11
-1.23938e-10
8.4861e-12
-4.51105e-12
9.92149e-11
-3.79383e-11
6.43433e-12
5.49782e-11
1.55876e-11
-2.26483e-11
-3.35307e-11
3.26629e-11
-1.45244e-11
1.68405e-11
3.47809e-11
6.30741e-11
-1.06701e-11
-1.7092e-13
3.30293e-11
4.03445e-11
3.57606e-11
-7.18611e-11
-5.85567e-11
1.7619e-11
-1.31345e-11
3.0813e-11
-5.30771e-11
5.15707e-12
1.60556e-11
-2.05051e-11
4.6353e-11
-4.91641e-11
4.57769e-11
3.88697e-11
-5.44795e-11
3.49267e-11
-1.23248e-11
-3.79676e-11
3.13318e-11
3.81233e-13
-1.25727e-11
2.47197e-11
1.71248e-11
4.5139e-11
5.74346e-12
4.61094e-11
-2.75095e-11
5.87194e-13
-7.78969e-12
7.31661e-12
3.24532e-11
-2.9936e-11
-4.06695e-11
-3.49971e-11
-2.09661e-11
-4.88216e-11
3.40094e-11
-1.62778e-11
4.23734e-11
-3.36005e-11
-7.63652e-11
-2.87757e-12
-4.3388e-11
-9.96166e-12
-3.33411e-11
-4.99453e-11
-8.9494e-12
-4.4622e-11
5.47285e-11
-4.48409e-11
2.76125e-12
-5.25931e-12
4.63347e-12
-3.38772e-12
-5.40944e-11
-7.37679e-12
-2.81265e-11
5.07443e-11
-2.45473e-12
2.50356e-11
7.72111e-12
3.25034e-11
3.23115e-12
1.5041e-11
-2.56586e-11
-4.27831e-11
5.50177e-12
-1.74617e-11
1.74337e-11
-7.13841e-12
-2.13358e-12
3.55941e-11
-4.84738e-11
2.13321e-11
5.43892e-11
3.86946e-12
4.57354e-11
-9.64198e-12
-2.9e-11
-9.69178e-12
-4.70873e-11
3.94308e-12
1.00722e-11
2.82909e-11
5.34763e-11
4.17756e-11
-2.9732e-11
2.89329e-11
-6.97366e-11
3.76879e-11
4.68422e-11
8.8312e-12
-5.64798e-11
2.87766e-11
-2.95466e-11
6.54772e-11
-3.04593e-11
5.38195e-11
-1.63645e-11
-3.17788e-11
-3.48423e-11
-3.13563e-11
3.4888e-12
1.02634e-10
-8.78751e-11
-4.3843e-11
-2.07911e-11
2.26732e-11
5.59888e-11
8.52894e-12
-3.76731e-11
-9.18546e-12
2.87343e-11
-4.54961e-12
-5.48129e-11
2.36233e-11
1.1926e-11
5.65499e-13
-4.79803e-12
2.62908e-11
-3.80207e-11
-4.34721e-12
-1.18247e-11
4.87595e-12
-5.16016e-12
-6.32027e-12
-2.91254e-11
-2.31342e-11
1.25633e-12
1.09834e-11
3.37165e-11
5.57951e-11
-1.06033e-11
-1.66959e-11
-7.04127e-11
7.90761e-11
2.15608e-11
-3.42843e-11
-4.62851e-12
-3.32302e-11
-4.41878e-11
4.09418e-11
3.38357e-12
-4.63869e-11
5.70873e-11
-4.68453e-11
-4.37513e-11
2.67568e-11
1.24911e-11
1.09217e-11
-1.6028e-12
4.3513e-11
-4.06712e-11
7.11375e-11
-2.42153e-11
-1.30403e-11
-3.10675e-11
1.97091e-11
-5.56205e-11
-4.36083e-12
-3.66949e-11
4.72531e-11
-1.38732e-11
-2.40032e-11
9.06528e-12
-6.89762e-12
-1.41578e-11
-5.19906e-11
9.08757e-12
-2.3953e-12
1.90418e-11
-5.62039e-11
3.13716e-11
1.93949e-11
1.70134e-11
6.23121e-11
6.89222e-11
-2.67246e-11
-3.49156e-12
6.46175e-11
-8.92738e-12
-9.32718e-13
3.82642e-12
4.05443e-12
-3.71068e-11
-5.94074e-11
5.50754e-11
-3.62176e-11
6.67516e-11
-7.43399e-12
-3.61369e-11
-1.2286e-11
-2.42182e-11
-6.62915e-12
1.90824e-11
3.35801e-11
-1.39112e-11
5.12388e-11
-7.97238e-12
1.01543e-11
-8.41382e-13
-2.56338e-11
5.72915e-11
-2.90863e-11
1.71137e-11
8.03103e-11
4.00806e-11
7.4975e-12
1.10382e-11
5.15528e-11
-3.79187e-11
-7.92712e-12
4.67056e-11
-2.75388e-11
-3.43595e-12
-2.33409e-11
6.71771e-12
1.15396e-12
-6.1647e-11
1.75805e-11
-8.04619e-11
-4.12883e-11
8.10622e-11
3.42684e-11
-4.64981e-11
5.01706e-11
1.06382e-11
3.21668e-11
-2.79544e-11
-8.29005e-12
-8.85341e-11
5.03063e-11
7.03345e-12
9.00384e-12
-3.30756e-11
4.37413e-12
-1.83389e-11
9.15444e-12
1.52571e-11
3.87115e-12
-1.10484e-11
-3.28279e-11
-3.56335e-12
5.8082e-11
-7.30617e-12
-1.34629e-11
3.75802e-12
4.77939e-11
1.85906e-11
-4.0914e-11
-1.9477e-11
2.52344e-11
-2.16908e-12
5.67025e-11
4.05922e-11
4.6346e-11
2.46649e-11
-5.51593e-11
-2.74817e-11
5.04407e-12
-2.79939e-11
8.89495e-12
-3.90484e-11
-1.07084e-12
-2.00445e-11
1.40672e-11
8.27969e-11
2.51263e-11
2.98355e-11
-4.44195e-11
-5.49202e-11
7.29791e-11
-4.81966e-11
1.1659e-11
-1.73419e-11
6.99742e-11
-7.07486e-12
2.18078e-11
-2.07622e-11
-2.87158e-11
5.27564e-11
2.45482e-11
1.32497e-11
-2.56164e-11
-8.09275e-11
-2.92544e-11
5.22049e-14
-4.55983e-11
-4.47246e-11
-3.83506e-11
4.74951e-11
2.39794e-11
3.7707e-11
-5.32541e-11
-2.48461e-11
2.74303e-11
1.77615e-11
-6.92636e-12
1.78255e-11
-4.06869e-11
2.55258e-11
3.46351e-11
1.99996e-11
1.35317e-11
-2.46962e-12
5.51334e-11
2.56087e-11
-2.01045e-11
9.66129e-12
5.5164e-11
-2.23722e-11
-1.92211e-11
2.35188e-11
-1.31728e-11
2.92064e-11
-1.8184e-11
4.38246e-11
2.99627e-11
-1.52939e-11
4.61646e-11
2.87886e-11
-9.43905e-13
2.2887e-12
-3.75784e-11
5.23681e-11
2.61031e-11
-4.73938e-11
4.37954e-12
5.67189e-12
3.40187e-11
-1.27543e-11
3.37158e-11
1.4871e-12
-4.12515e-12
5.0908e-11
2.36459e-11
3.90955e-11
-4.94737e-11
6.37196e-11
6.77125e-11
3.69996e-11
-5.65519e-11
-5.76708e-11
8.59017e-12
1.63666e-11
-3.71395e-11
-1.96905e-13
7.22681e-11
1.64075e-11
-1.60597e-11
-4.97991e-11
5.33628e-11
-4.46123e-11
-2.04636e-11
-2.05643e-11
1.56554e-11
2.45887e-11
-2.23745e-11
-1.89381e-11
-4.18427e-11
-2.52e-11
5.93829e-11
-1.21748e-12
4.56072e-11
6.41004e-11
-5.98152e-11
2.90774e-11
3.47729e-11
-4.80981e-11
2.42567e-11
-5.13311e-11
2.89754e-11
3.25289e-11
2.24988e-11
-1.87966e-11
-1.68412e-11
-3.35748e-12
-2.85957e-11
-3.2862e-12
-1.66744e-11
3.65997e-11
-2.65372e-12
3.86292e-11
-9.90238e-12
-7.20521e-11
3.25242e-11
8.33863e-12
-1.45666e-11
-2.03533e-11
-2.35634e-11
-9.90854e-11
-1.43527e-11
1.91713e-11
7.09568e-12
5.29447e-13
4.2685e-11
-8.95033e-11
1.59675e-11
1.97136e-11
-3.58778e-11
-1.88684e-12
2.1332e-11
3.69124e-11
-2.86584e-11
-6.82774e-12
-1.7384e-11
4.44734e-11
2.16153e-11
-1.34985e-11
-1.21735e-11
-3.2463e-11
6.70412e-12
3.99874e-11
-3.63107e-11
-2.17942e-11
-4.92909e-12
2.34981e-11
-1.352e-11
2.91672e-11
-1.77278e-11
-8.79656e-11
3.90507e-11
1.20055e-11
6.65285e-11
8.05954e-12
-4.09989e-12
8.90109e-12
5.00284e-11
6.05619e-11
3.07997e-11
9.52644e-12
6.81396e-13
-1.98403e-11
-1.89035e-11
1.65778e-11
-2.54516e-12
-3.0983e-11
-4.96617e-11
2.57434e-11
-4.95172e-12
4.62285e-11
6.51917e-12
2.36397e-11
5.21793e-11
-2.62193e-11
1.43229e-11
2.38666e-11
1.50463e-11
-6.87179e-11
4.1166e-11
1.02317e-10
-3.38554e-12
-6.35783e-12
1.25849e-10
6.07469e-11
8.96351e-12
2.54089e-11
3.42423e-11
-1.49477e-11
-8.54357e-12
-3.35221e-11
3.74138e-11
7.79231e-11
9.34085e-12
-4.57824e-11
1.84594e-11
-1.25623e-11
2.04971e-11
-2.57036e-11
5.26533e-11
2.15383e-12
5.75788e-11
-3.28485e-12
3.42806e-11
1.28609e-11
2.84182e-11
8.0029e-12
1.70772e-11
9.91846e-12
-1.60131e-11
-2.88185e-12
6.15133e-11
-4.89975e-11
-8.73834e-12
3.1808e-11
-1.94688e-11
3.00194e-11
8.97679e-11
-7.06722e-11
-3.93955e-11
6.26e-11
-4.4104e-12
4.62774e-11
1.52617e-11
2.76543e-12
9.88326e-12
-5.76428e-11
-1.42168e-11
-2.58786e-11
4.18138e-12
1.23173e-11
-6.16945e-11
-1.60834e-11
6.96778e-11
3.40988e-11
-6.83459e-11
-3.49115e-12
2.21614e-11
2.93914e-11
-4.2832e-11
6.3785e-12
-1.51035e-11
-2.6415e-11
1.78701e-11
1.10748e-11
-1.46851e-11
1.69034e-11
1.18567e-11
-1.40654e-11
8.82812e-12
1.78064e-11
2.20488e-11
1.89421e-11
-5.44026e-11
8.65911e-12
2.35983e-11
1.09466e-11
-7.82181e-12
-3.63837e-11
-1.87657e-11
-3.26717e-11
9.29372e-12
-3.58748e-11
-6.93661e-11
-6.37568e-11
-2.12286e-12
3.09024e-11
3.6078e-12
-6.63556e-11
3.31093e-11
1.39974e-11
-1.78616e-11
-4.51111e-11
1.65406e-11
3.75343e-11
-4.45168e-11
-4.37599e-12
5.25707e-11
-3.09212e-11
-9.94777e-12
3.47827e-11
9.28254e-12
-2.20528e-11
1.04701e-11
2.19092e-11
2.44582e-11
-3.30477e-12
-1.13763e-11
-4.09157e-11
-3.73702e-11
-6.91381e-11
-6.45084e-12
-4.92923e-11
3.86169e-11
-1.26426e-12
-2.76741e-11
-1.40626e-11
-1.05728e-12
-1.02759e-11
-5.07985e-11
1.3597e-11
1.33731e-11
7.21377e-11
2.58763e-11
3.28791e-11
-2.56914e-11
5.39909e-11
-1.61034e-12
-6.19353e-11
3.36972e-11
-2.92073e-11
1.12017e-11
2.4291e-11
-2.52637e-11
-6.37704e-13
-5.60608e-12
3.06977e-11
3.22841e-11
-1.84155e-11
-6.85853e-11
1.16614e-11
-3.76128e-11
-4.03448e-11
6.94201e-11
-6.21132e-12
3.27564e-11
-3.28637e-11
3.00501e-11
-1.427e-11
-8.50362e-12
-2.73511e-11
-2.59147e-11
-7.42564e-11
3.02289e-11
-2.21072e-11
9.72704e-11
1.09884e-11
9.69862e-12
6.21661e-11
-5.01591e-11
-5.97304e-11
-1.20008e-11
2.3864e-11
-3.68935e-11
-3.00398e-11
1.12246e-13
1.4257e-11
7.62051e-12
-9.51193e-12
-4.65367e-11
6.50133e-12
-4.89095e-11
-3.63501e-12
-2.8223e-11
-4.30025e-11
6.40262e-11
1.25181e-11
5.92299e-12
4.17143e-11
2.04354e-11
4.44562e-11
-3.75824e-11
-3.3744e-12
2.62594e-11
-6.24693e-11
-3.69767e-11
9.92749e-12
-3.23833e-11
-7.61915e-12
-2.92755e-12
5.53465e-11
-5.03538e-11
2.65388e-11
1.95423e-11
-3.94062e-11
1.83211e-12
-1.84762e-11
-1.74358e-11
3.80132e-12
1.98592e-11
-8.36996e-12
1.46479e-12
2.49696e-11
4.40872e-11
-4.67421e-13
2.53456e-12
2.60923e-11
-1.21008e-11
-2.61893e-11
-1.68154e-11
-9.55275e-12
2.86213e-12
3.66829e-11
7.88633e-12
1.64719e-11
1.83518e-11
3.43194e-11
4.48952e-11
-5.78248e-11
-1.79214e-11
-1.11909e-11
-7.36919e-11
2.69364e-11
1.05279e-11
2.21199e-11
9.56561e-13
-4.40429e-11
6.75663e-11
2.62532e-11
-4.87889e-12
6.05177e-11
-6.78459e-12
-1.60434e-11
-5.90738e-11
4.99083e-12
-1.90929e-11
6.71636e-11
-2.65661e-11
-5.18729e-13
1.73615e-11
-1.82191e-11
3.56232e-12
-3.23574e-11
-4.21389e-11
3.91402e-11
-9.69072e-12
-1.83956e-12
2.41635e-11
-6.68649e-11
-9.23082e-13
-1.76437e-11
3.08619e-11
-9.15555e-12
-2.39847e-11
-5.09412e-11
3.93887e-12
-8.92416e-12
-3.47891e-11
4.67518e-11
-6.45873e-11
6.96196e-11
5.06372e-11
-1.0453e-11
-3.00115e-11
-2.57749e-11
1.8707e-11
5.38803e-12
6.44975e-12
4.02535e-11
-1.98585e-11
9.90601e-12
2.33674e-11
3.64557e-11
-1.51467e-11
2.30635e-11
4.66596e-11
-3.5006e-11
5.85188e-11
2.79436e-11
1.45203e-11
-4.20491e-12
-2.34122e-12
-1.10572e-11
5.37402e-11
-8.00407e-11
-8.53428e-12
-4.38842e-11
4.69802e-12
-6.80643e-12
4.01938e-11
8.37194e-11
-4.74637e-11
6.13314e-11
-2.9211e-11
-5.8743e-11
-6.68296e-11
4.28213e-11
-6.1225e-12
-3.77481e-11
4.22155e-11
-2.07609e-11
4.29631e-11
-5.19753e-11
-5.71102e-11
-3.41514e-11
1.27871e-11
-8.43169e-12
-1.5636e-11
-6.15248e-12
-4.334e-11
-1.63326e-11
-1.79428e-11
-2.68353e-11
4.94934e-12
7.38506e-12
1.92306e-11
2.14468e-12
6.35001e-11
-1.09229e-11
-6.27501e-11
3.5327e-11
8.30846e-11
6.97628e-12
-2.69928e-12
-7.63545e-12
-1.07971e-11
-2.49127e-11
-2.50338e-11
5.43676e-11
-7.76835e-12
9.78707e-12
-1.11409e-12
1.32678e-12
3.13478e-11
1.89828e-11
1.08157e-11
2.35348e-11
1.17902e-11
-9.54469e-11
1.64191e-11
-1.37468e-11
-1.03387e-12
1.04241e-10
-9.36024e-11
-8.91455e-13
-6.95628e-11
1.34987e-11
-1.34457e-11
-4.97135e-11
-7.79991e-11
4.28652e-11
-1.11246e-12
-2.16318e-11
-2.75932e-11
5.28206e-12
3.00895e-11
-3.1795e-11
2.14525e-12
2.98683e-11
2.77107e-12
-3.38557e-11
3.75412e-11
-1.38586e-11
2.51885e-11
3.61043e-12
-1.40229e-11
2.43614e-11
9.93244e-11
-8.65486e-12
4.26972e-12
5.53057e-11
-7.96257e-11
6.47176e-12
8.4974e-13
-2.40068e-11
6.66355e-12
-3.31586e-11
1.9973e-11
-7.25046e-12
3.51403e-11
-9.04983e-13
4.38976e-11
-1.45678e-11
1.16161e-11
2.23986e-11
-2.3097e-11
-1.32154e-11
-1.82022e-11
4.24264e-12
-9.46488e-11
3.53637e-11
2.76297e-11
-9.20221e-11
8.1788e-12
-4.1161e-11
4.35303e-11
7.19518e-11
7.98326e-12
-1.82851e-11
2.05215e-11
2.83029e-11
4.14726e-12
-5.46582e-11
-4.28395e-11
5.79163e-12
-3.76878e-11
-3.75206e-12
-5.91939e-11
-3.71706e-11
7.74809e-12
3.99087e-12
3.59124e-11
-4.55041e-11
-2.83181e-11
4.0336e-11
-1.45793e-11
-1.65844e-12
3.76799e-11
-2.36184e-11
3.20289e-11
-1.78904e-11
-5.26192e-11
4.80276e-12
-2.09558e-11
5.75501e-12
2.07357e-11
4.2657e-11
1.00023e-11
-4.29116e-11
1.09657e-10
-5.47721e-11
-3.24806e-11
9.72389e-12
1.11517e-11
-3.72198e-11
-6.68666e-12
4.9628e-12
7.16447e-12
6.66417e-11
-6.50503e-11
3.578e-11
-3.04752e-11
-5.99773e-11
4.46466e-11
-1.11246e-11
4.19901e-11
7.49935e-11
-1.17246e-11
1.09436e-11
-4.5057e-11
-3.07355e-11
2.47736e-11
2.79338e-11
-1.6244e-11
1.65147e-11
-5.30215e-12
2.33068e-11
3.13575e-11
-4.162e-11
1.99176e-11
2.41527e-11
-3.16508e-11
-1.69286e-11
-2.25571e-11
6.3488e-11
8.79016e-12
2.26246e-12
1.00576e-11
8.17212e-11
6.72901e-11
1.15072e-11
-1.41967e-11
4.62507e-14
3.45343e-11
-3.65286e-12
1.20364e-11
1.65787e-12
-1.33864e-11
-2.02716e-12
-2.61491e-11
-2.18218e-12
-6.09081e-13
-2.06763e-11
6.70132e-12
-5.02328e-11
1.61622e-11
1.70337e-11
-2.00397e-11
-2.40039e-11
-3.70513e-12
3.29544e-11
-3.81136e-11
-1.0063e-11
-2.14224e-11
-1.55963e-11
-3.20016e-11
5.06114e-11
-3.93196e-11
-4.86516e-12
4.66124e-11
3.10299e-11
4.66581e-11
7.81889e-12
6.0165e-12
2.35701e-13
1.26054e-11
7.44738e-11
1.56517e-11
-2.91409e-11
-2.44365e-11
-2.74458e-12
4.85088e-14
2.83643e-11
-3.87667e-11
4.9093e-11
-4.20373e-11
-1.11811e-11
-1.93625e-11
-2.97132e-11
-3.45989e-12
-6.06275e-11
-4.16862e-11
-1.89407e-11
-5.01935e-11
5.04296e-11
1.71749e-12
-2.37243e-11
1.76685e-11
-2.75151e-11
-3.74874e-11
2.90795e-11
-5.7419e-11
5.74944e-12
-5.32407e-11
-2.96125e-11
2.2378e-11
1.2409e-11
1.88037e-11
-2.07313e-12
-8.47099e-12
-5.70727e-11
2.92806e-13
-1.96602e-11
-6.19633e-12
3.52917e-11
-2.83961e-11
-1.3555e-11
-5.2579e-12
-1.16383e-10
-2.23035e-11
1.36275e-11
-2.19084e-11
8.00116e-12
-2.29768e-11
-3.28679e-11
-6.10273e-11
-2.89967e-11
-7.67592e-11
1.01815e-10
6.00141e-11
-8.76926e-11
-2.18449e-12
-2.05405e-12
-1.00364e-11
-2.99167e-11
2.24758e-11
1.16188e-11
2.44816e-11
-2.78084e-12
2.81715e-11
2.03537e-11
1.09837e-11
4.33857e-11
6.88656e-11
-4.69101e-11
-1.95722e-11
-6.11656e-11
3.54971e-11
-5.17259e-11
-5.92477e-11
1.88894e-11
-6.96891e-11
-3.86326e-11
2.16324e-11
-3.62078e-11
2.72969e-11
-6.351e-12
-3.12367e-11
-2.80077e-11
2.20708e-11
-1.07241e-11
3.9047e-12
-1.54175e-11
1.61904e-11
-3.28941e-12
-7.34459e-12
-2.68323e-11
-6.84004e-12
-2.52645e-11
6.08162e-11
7.89234e-12
-4.6774e-12
2.05968e-11
5.38134e-11
2.09713e-11
1.05441e-11
2.40742e-11
-1.43054e-11
5.70205e-11
-7.39319e-12
-1.14727e-11
4.90232e-12
5.91656e-11
3.65003e-11
1.28134e-11
1.20784e-12
-1.23861e-11
-2.9105e-11
-3.25833e-11
1.04714e-11
1.91203e-11
-8.83776e-12
4.64696e-11
-7.29991e-12
-3.91122e-11
-8.18238e-11
-8.52873e-12
-3.9943e-11
-1.66998e-11
1.73084e-11
3.73628e-12
1.07258e-12
-3.8978e-12
5.77934e-11
-5.04858e-11
-5.14889e-12
3.67539e-12
-1.67879e-11
3.1505e-11
4.19375e-11
-2.21202e-11
6.99269e-12
2.17125e-11
-3.25381e-11
-1.15824e-11
5.45433e-11
-1.08504e-11
-4.324e-11
2.68198e-11
2.2991e-12
-5.91941e-11
4.64482e-11
-1.94888e-12
-7.06435e-11
-6.61765e-11
4.39758e-11
1.15665e-11
1.44078e-11
-5.2474e-12
-3.2432e-11
1.27123e-11
1.75005e-11
1.8424e-11
2.95403e-11
7.11845e-12
-2.18468e-11
-6.123e-11
-4.2424e-11
4.75453e-11
1.12494e-11
-2.80833e-11
3.47938e-11
1.08163e-11
6.90858e-11
-8.07451e-11
5.66504e-12
-8.04536e-12
-5.39049e-11
9.28679e-11
1.99915e-11
6.22828e-11
-6.56432e-12
-1.33984e-11
5.76163e-12
-3.87731e-11
-5.80926e-11
1.16466e-11
-3.66561e-11
1.06966e-11
6.66765e-11
1.74779e-11
5.46816e-12
2.51402e-11
-3.00221e-11
9.22475e-13
-2.12678e-11
5.45411e-13
-1.44569e-12
4.57641e-11
7.45081e-11
-1.78627e-11
-2.02917e-12
-5.7536e-11
-4.01643e-11
-4.74758e-11
-5.6657e-11
4.17706e-12
7.82872e-12
2.01512e-11
-7.60477e-12
2.75946e-12
-2.15564e-12
-2.03896e-11
-6.5895e-12
-2.66654e-11
2.73289e-11
-7.38236e-12
1.3408e-11
-2.06631e-11
8.52624e-12
-1.5368e-11
-1.0995e-11
-2.52609e-11
2.9953e-11
-3.49039e-12
-6.72243e-11
-8.79829e-12
-3.03869e-11
-2.14041e-11
-1.7547e-11
-6.21293e-11
6.48107e-11
5.49015e-12
4.41982e-12
-1.59132e-11
-1.55962e-11
8.05599e-11
-2.08776e-13
1.04259e-12
1.96549e-11
2.55094e-11
4.06562e-11
3.06551e-11
1.25231e-12
4.16134e-11
6.551e-11
5.07203e-11
1.01695e-10
2.49518e-11
-3.26476e-11
1.11091e-10
4.10071e-11
-6.54372e-12
8.50035e-11
-4.0963e-11
2.75966e-11
-8.78695e-13
1.57342e-11
-9.29389e-12
2.56058e-11
-4.346e-11
4.23987e-12
3.41321e-11
2.85907e-11
6.96627e-12
5.65876e-11
1.56878e-11
-3.64204e-12
9.7644e-12
-2.06241e-11
2.01325e-11
1.94362e-11
-3.16104e-11
4.03151e-11
-1.36126e-11
-1.91193e-11
-9.44776e-12
-3.14847e-11
-1.19208e-12
3.1734e-11
-3.65867e-11
-2.92205e-11
-2.80222e-11
-5.34194e-11
-2.09133e-11
-2.45456e-11
2.3558e-11
-4.81623e-11
1.71723e-11
-6.8191e-12
4.46552e-11
1.91708e-11
-9.43379e-12
-6.5717e-13
-8.6053e-13
2.53841e-11
-2.59861e-11
-1.0866e-11
-8.5738e-12
3.3812e-11
-9.66693e-12
2.10818e-11
-8.17089e-12
-5.46441e-11
4.50524e-11
-3.5365e-11
-1.50714e-11
-3.43931e-11
-9.34527e-11
-1.70012e-11
-4.90194e-11
6.88819e-12
5.08199e-11
1.05334e-11
-1.57026e-11
-1.89934e-11
-6.87094e-11
1.16237e-12
6.41955e-11
4.04451e-11
-2.90761e-12
-1.60074e-11
1.82699e-11
-4.75401e-11
-3.82873e-11
1.09409e-11
-1.06235e-12
2.95425e-11
-3.49034e-11
1.1303e-11
1.09233e-13
4.57008e-13
7.33018e-11
9.01623e-12
-7.14668e-11
1.35803e-11
9.89053e-12
5.31529e-11
-1.20997e-11
-6.90634e-11
1.00491e-11
3.78356e-11
-2.69681e-11
2.81698e-11
3.23529e-11
-4.12149e-11
-9.03537e-11
-4.12268e-11
1.01196e-11
2.37759e-11
3.65917e-11
-3.23517e-12
1.13828e-11
-5.07384e-11
6.53687e-11
8.78707e-12
-2.91364e-11
4.97971e-11
-2.35828e-11
3.07264e-11
1.675e-12
-7.05545e-12
3.28529e-11
3.51752e-11
3.27054e-12
-5.60399e-11
-7.32137e-12
-7.27843e-12
-2.19183e-11
3.41867e-13
2.04644e-11
-1.62929e-11
-4.37879e-11
2.97356e-11
1.04181e-11
-3.32267e-11
-1.05505e-11
-2.98744e-11
-2.5993e-11
3.13294e-12
3.47484e-11
-2.54429e-11
2.45983e-11
1.34275e-10
-7.10673e-12
9.26205e-12
-4.41131e-11
-3.95867e-12
-1.83304e-11
5.2043e-11
1.89673e-11
-1.06489e-11
5.87323e-12
2.23769e-11
2.68193e-11
-3.33727e-11
2.19647e-11
3.03889e-11
3.76715e-11
1.00941e-11
5.90951e-11
-1.04829e-11
-1.68231e-12
5.12225e-11
-4.80782e-11
-4.44879e-11
2.31752e-11
-5.13135e-11
-2.63515e-11
1.02552e-11
6.72939e-12
-4.71639e-11
-5.53777e-11
4.1674e-11
-2.08274e-11
6.05875e-11
5.3502e-11
3.90463e-11
1.4086e-11
-4.73397e-11
3.98314e-12
-3.63926e-12
3.61551e-11
7.64818e-12
2.21317e-11
-7.44298e-11
-2.44211e-11
2.008e-11
6.35011e-11
-3.93776e-12
6.11778e-12
-1.39287e-11
1.18445e-12
6.25956e-12
3.40742e-12
-9.41909e-12
-2.86748e-11
-6.18713e-11
4.42244e-11
1.99535e-11
-1.06303e-11
7.90338e-11
-3.74529e-11
2.2394e-11
1.31314e-11
3.73438e-11
-6.61681e-11
-3.82997e-11
3.84602e-11
-1.49568e-11
-1.80308e-11
-3.94135e-11
3.65135e-11
-8.41822e-12
3.64465e-11
1.03059e-11
4.01588e-12
2.20543e-11
1.86143e-12
-7.01039e-11
-3.01795e-11
-3.33714e-12
-3.2934e-11
-1.97417e-11
-4.49488e-12
-2.48151e-11
6.52163e-11
1.55865e-12
-7.69456e-11
4.09551e-11
2.19162e-11
3.17263e-12
-1.60613e-11
2.2807e-11
5.6756e-11
6.65728e-12
5.5e-11
-4.95215e-11
-3.09058e-11
-3.14947e-11
-2.66884e-11
-6.78004e-11
2.62706e-11
-8.09699e-11
1.76517e-11
1.92235e-11
2.98626e-11
1.88767e-11
-6.81795e-11
1.26352e-11
3.70965e-12
2.85168e-11
3.27506e-11
-8.05846e-12
1.11329e-11
2.88044e-11
6.66944e-12
-2.19097e-11
-3.6568e-11
6.8883e-12
7.71197e-11
1.8655e-11
2.53897e-11
-4.16214e-11
-5.34273e-11
1.25834e-11
1.81011e-11
3.01077e-11
-4.77494e-11
-4.88336e-11
-1.65445e-11
9.77605e-12
2.11131e-11
-7.79377e-11
5.41498e-11
2.74057e-11
1.01838e-11
2.73386e-11
4.98857e-11
-3.30659e-11
-2.68247e-11
3.0137e-11
2.60111e-11
8.18519e-14
4.12367e-11
-2.25811e-11
-1.15758e-11
-5.717e-11
-1.39228e-11
-3.61662e-11
-3.47136e-14
3.42322e-11
1.58265e-12
2.04679e-12
-4.87728e-11
-3.33997e-11
-7.0529e-11
2.78902e-11
-3.90218e-11
3.5617e-11
-8.30638e-11
4.53242e-11
-5.96758e-12
-3.03046e-11
8.99841e-12
-2.25246e-11
1.09865e-11
-2.47948e-12
1.67572e-11
-2.07399e-11
-1.27625e-11
1.90397e-11
4.34551e-11
-1.88767e-11
-2.599e-11
-2.99322e-11
3.28917e-11
3.08669e-11
-2.5717e-11
1.44442e-11
-6.90645e-12
-1.26234e-11
5.25175e-11
2.04801e-11
7.58683e-11
1.25771e-12
-4.02483e-11
-5.60416e-11
8.61808e-11
7.22737e-12
-5.69808e-11
2.99925e-11
-3.63148e-11
-5.80034e-11
-6.72479e-11
-4.47236e-11
2.54453e-11
-5.43234e-11
-4.19696e-11
9.59152e-12
-3.68262e-11
-4.30058e-11
4.56706e-11
-2.23566e-11
1.69429e-11
3.38455e-11
4.95138e-11
-2.46485e-11
2.74565e-11
4.0467e-11
1.86303e-12
3.26718e-11
-8.14869e-11
2.47024e-11
-6.05743e-13
-9.64486e-12
1.64105e-11
2.54178e-11
-9.03778e-11
3.85247e-12
2.09607e-11
-5.26845e-11
-7.30355e-11
-3.67352e-11
2.31399e-11
-2.75986e-11
-3.54478e-11
4.00947e-11
8.27483e-12
7.19702e-12
4.72478e-11
6.61316e-11
-3.30801e-11
1.50379e-11
-9.21884e-12
1.22936e-10
1.26558e-11
4.74255e-11
-2.10092e-11
4.66429e-11
6.49999e-11
-4.28189e-11
2.35295e-11
-5.01762e-11
-1.52745e-11
4.32986e-11
1.08984e-10
-1.11817e-11
-5.18472e-11
2.27132e-11
-1.10551e-11
-2.48972e-11
-4.85017e-11
3.67536e-11
3.8148e-12
6.58786e-11
-3.16167e-12
2.4283e-11
-1.0915e-11
2.46922e-11
-6.68911e-12
-1.31683e-11
-2.33365e-11
-1.03046e-11
8.05423e-12
4.11249e-11
-2.56293e-11
-3.2804e-11
3.52072e-11
1.05997e-12
-2.31269e-11
6.98724e-12
-3.24462e-11
-2.90773e-11
-1.93385e-11
-9.47284e-11
-5.19037e-12
6.71869e-11
2.56881e-12
-3.36063e-11
4.6869e-11
-2.39967e-11
-1.21152e-11
3.04078e-11
5.43581e-11
-3.54648e-12
1.28874e-11
-3.25571e-11
7.29485e-11
-1.01558e-11
1.46225e-11
4.85848e-12
-9.27613e-12
1.01967e-11
-6.98245e-13
-5.37679e-12
-1.07863e-11
-4.95518e-11
8.19887e-11
3.71439e-11
5.26135e-11
2.74572e-11
2.94787e-11
-3.19034e-11
8.3595e-12
-1.52712e-11
4.15145e-11
-5.65975e-11
6.13875e-12
-1.70136e-11
1.0839e-11
2.50664e-11
2.45235e-11
-4.08854e-12
1.45338e-11
-5.34268e-11
-4.2646e-11
4.68196e-11
7.12355e-11
4.4068e-11
-4.77299e-11
4.02879e-11
3.90796e-11
-3.26924e-11
-6.79005e-12
-2.17003e-11
9.78757e-12
-3.24032e-11
-6.36774e-11
-1.67731e-11
6.55786e-11
2.55669e-11
-1.60892e-12
-4.07204e-11
-4.84932e-11
3.64997e-11
-9.02966e-12
-2.47596e-11
-1.07195e-12
1.53108e-12
-5.39407e-11
-3.2055e-11
3.92372e-11
5.02638e-11
-2.14189e-11
-4.82088e-11
1.47832e-11
1.29599e-12
-4.19746e-11
-7.41791e-11
-5.59052e-11
2.59715e-11
2.40816e-11
4.67238e-11
7.67686e-13
-7.52248e-12
-3.0095e-11
-2.0233e-11
2.29035e-11
-1.58518e-12
1.70976e-11
-1.46846e-11
-4.39697e-11
-7.81291e-12
-6.54805e-11
1.13109e-11
-1.34793e-11
-4.84437e-11
2.4484e-11
-3.30157e-11
-1.2442e-11
-9.48533e-13
-1.43902e-11
-4.13845e-11
-3.49762e-12
-5.48638e-11
1.22456e-11
3.49727e-11
-3.87697e-11
-2.08955e-11
-1.71963e-11
-4.18969e-11
4.32986e-12
3.98981e-12
4.95883e-11
4.1926e-11
3.12083e-11
-3.39136e-11
-3.31756e-11
-1.21826e-11
-2.63732e-11
3.16473e-11
1.10238e-11
2.23807e-12
-7.93138e-11
7.56368e-11
-8.40168e-12
2.90496e-11
-5.27778e-11
-5.58041e-11
-3.2078e-11
3.87306e-11
-3.61573e-12
2.76972e-11
7.68552e-11
1.86097e-11
-3.33739e-11
-2.75683e-11
3.14776e-11
1.22255e-11
-4.67203e-12
-5.08697e-11
-2.47838e-11
4.70282e-11
-7.48861e-11
-1.71061e-11
3.44686e-11
5.55961e-11
-4.64926e-11
-7.39202e-12
2.04364e-12
8.38515e-12
3.91047e-11
-1.18275e-11
-6.83527e-13
-4.70564e-11
4.81862e-11
-6.4322e-11
-3.22128e-11
3.74691e-11
2.95188e-11
-2.41592e-11
3.03044e-11
2.57379e-11
-3.42753e-12
-1.46214e-11
1.18932e-11
-1.37602e-11
-3.7126e-11
-4.4005e-11
-2.71534e-11
1.94469e-11
-2.441e-11
-9.88161e-11
4.03271e-11
1.27125e-11
2.04003e-12
3.65074e-11
-1.80213e-12
1.26616e-11
-3.70157e-11
3.51173e-11
-3.67246e-11
1.27026e-11
-6.17865e-12
-1.5912e-14
1.00788e-10
-3.40667e-11
-5.1327e-11
-1.28174e-11
5.5443e-11
5.13501e-11
-4.70839e-12
4.48109e-11
-4.1354e-11
-1.48194e-11
1.62948e-12
-1.62877e-11
8.41206e-12
-5.69835e-12
3.18487e-11
6.714e-13
-5.11961e-11
2.81178e-11
-5.70474e-11
-1.57028e-11
-2.97353e-11
-4.70777e-11
1.38709e-11
8.98039e-12
2.81642e-11
-1.11517e-11
-1.10999e-11
-1.21281e-11
1.7623e-11
-7.37817e-12
4.20774e-12
-3.86052e-12
-1.14468e-13
-4.96913e-13
-1.98716e-11
-1.32687e-11
-3.10768e-11
-2.42782e-11
9.23017e-12
-4.93655e-12
-2.14208e-11
1.06581e-11
-1.07505e-11
-4.77568e-11
-7.46373e-12
-7.35733e-11
-4.1977e-11
-5.20771e-11
-1.06402e-10
-2.00593e-11
-2.16307e-11
-6.26933e-11
-3.85969e-11
-2.03816e-11
2.59585e-11
1.3598e-11
-1.79875e-11
-3.28547e-11
-2.96552e-12
2.62754e-11
2.09871e-11
1.12445e-11
-1.67214e-11
7.75288e-12
-1.30107e-11
2.21846e-11
8.87456e-11
-7.81378e-11
3.2517e-12
-2.80608e-11
1.91816e-11
-4.39141e-11
-8.21199e-11
4.79806e-11
6.61449e-12
4.038e-11
4.1896e-11
-1.41561e-11
-6.22412e-11
-3.91875e-11
2.52722e-11
-2.78142e-11
-8.23066e-12
1.48809e-11
-8.00927e-11
5.4307e-11
1.56223e-12
6.31716e-11
1.30185e-11
-4.48115e-11
-3.97852e-11
1.34812e-11
-3.17708e-11
6.59028e-12
2.0574e-11
7.00211e-11
-4.22673e-11
-5.53464e-11
-2.80595e-11
-1.27037e-11
3.72726e-11
3.52573e-11
-4.03679e-12
-1.49757e-11
2.17743e-12
-6.67352e-11
-7.98803e-11
2.79408e-11
-1.48743e-11
-4.26014e-11
-4.36605e-12
8.78811e-11
-1.50234e-11
-6.04688e-11
2.70495e-12
-9.77928e-12
-1.53191e-11
-2.04426e-11
4.20399e-11
-1.31253e-12
-2.98237e-11
-2.31725e-11
-1.50855e-11
-6.12608e-12
2.18115e-11
-1.67716e-11
-1.15799e-11
-2.96521e-11
4.61372e-11
-4.93587e-12
-4.41226e-11
-8.59562e-12
-1.2859e-11
7.65216e-11
8.17474e-11
1.99197e-12
6.94129e-12
5.11802e-11
-1.97371e-11
2.05203e-11
8.09617e-11
2.38722e-11
4.61391e-12
5.29959e-11
1.19014e-12
6.19361e-11
2.41948e-11
3.01077e-11
8.45283e-12
2.15126e-11
-6.49639e-12
2.9657e-11
-4.67894e-11
-1.45932e-11
3.39649e-11
-5.32686e-12
4.55858e-11
2.88508e-11
3.81557e-11
3.86479e-11
1.6447e-12
4.0029e-11
-7.50052e-12
2.85311e-11
4.09847e-11
-8.09073e-12
-2.518e-11
-1.75594e-11
2.27909e-13
1.01916e-10
-3.67906e-12
6.6151e-11
-5.80952e-11
-1.71101e-11
-1.69873e-11
1.9408e-11
-3.736e-11
-2.72922e-11
-3.586e-11
-2.15929e-11
1.9916e-11
1.24848e-11
-2.79422e-11
-4.41478e-11
1.79306e-11
-8.56294e-11
-8.32703e-12
2.00507e-11
-5.8106e-11
-9.08821e-12
-3.05085e-11
1.96859e-11
3.21858e-11
-1.57864e-11
-5.38837e-11
8.8975e-12
3.68308e-11
-1.80812e-11
-1.1053e-12
3.90624e-11
1.16009e-11
-5.34454e-13
-2.52951e-11
1.06025e-11
-5.17458e-11
-2.68441e-11
2.25612e-11
3.05032e-11
3.44812e-11
1.37094e-11
-1.09685e-10
-1.4041e-11
4.50971e-11
-2.3513e-12
-2.25803e-11
1.2089e-10
2.0102e-11
7.76946e-11
3.89004e-11
-3.02864e-11
-3.47022e-11
-1.44473e-11
-3.713e-11
-2.98245e-11
-3.6623e-13
-2.58856e-11
-3.20925e-11
5.21488e-11
8.90906e-11
6.63522e-11
-2.48037e-11
-6.7615e-12
-2.68174e-11
2.80699e-12
2.75911e-12
9.61797e-12
1.485e-12
-5.40203e-11
3.37519e-11
4.81598e-11
4.29819e-12
1.12234e-11
-2.50148e-12
9.76244e-12
3.02753e-11
1.77028e-11
1.49319e-11
-6.37775e-11
-1.30598e-11
-5.19278e-11
-2.19757e-11
2.06231e-11
4.1492e-11
2.309e-11
5.91846e-12
3.29755e-11
1.21697e-15
-1.74356e-11
-2.59188e-11
5.23584e-11
3.87029e-11
-4.30634e-11
-3.52918e-11
3.60073e-11
-1.60315e-11
2.58122e-11
1.56351e-11
4.37525e-11
2.34e-11
6.34317e-11
-8.71551e-11
9.26462e-11
-2.56068e-12
1.6925e-11
3.26866e-11
-1.08337e-11
-2.57e-11
-1.63178e-11
4.93624e-11
-4.68976e-11
3.5128e-11
-4.5828e-11
-3.88014e-11
2.35947e-11
-2.55043e-11
-3.91599e-11
-1.30036e-11
-3.96561e-11
-2.50887e-11
-1.916e-11
-2.73122e-11
2.85793e-11
-2.06201e-11
-2.7883e-12
-3.94373e-11
-7.03155e-11
-2.19136e-11
5.30006e-12
-8.57127e-11
-1.30443e-11
-1.47428e-11
9.69648e-11
-1.43566e-11
-1.95554e-11
2.59037e-11
3.05627e-11
2.44389e-11
-8.97889e-12
-2.34896e-11
8.3596e-12
5.06933e-11
3.4957e-11
-2.12201e-11
-1.36922e-11
-7.06529e-11
-5.37729e-11
-7.45302e-11
-3.92705e-11
2.30618e-11
-9.84301e-12
3.39936e-11
3.94841e-11
4.20687e-11
9.14759e-11
-9.72544e-12
-3.45831e-12
-3.21239e-11
-1.18445e-11
-1.41578e-12
-1.05753e-10
-2.73369e-11
2.72006e-11
3.18084e-11
-3.76515e-11
-4.08498e-12
-3.30816e-11
2.83886e-12
2.1093e-11
-2.07062e-11
2.62217e-11
4.72896e-11
-1.28374e-11
9.11463e-12
3.37928e-11
4.01412e-11
4.22426e-13
5.16321e-11
2.15741e-11
4.27552e-11
-2.76734e-11
3.33942e-11
-4.32232e-11
-4.50512e-12
-3.03305e-12
-1.07775e-11
6.56243e-11
3.07891e-11
-3.30661e-11
-2.63904e-11
7.97717e-12
5.0035e-11
-1.45167e-11
1.37567e-11
-2.17543e-11
-5.63583e-11
-4.27255e-11
-1.02041e-11
1.75806e-11
2.92782e-11
-9.81895e-11
4.13692e-11
-4.25107e-11
3.42421e-11
-1.48226e-11
-5.35295e-11
5.6096e-12
4.29882e-11
3.07755e-11
-1.25911e-11
-3.73894e-11
-3.30236e-11
-1.29703e-11
3.28646e-12
-5.64005e-11
9.00039e-12
-4.93312e-11
-7.78453e-12
4.27022e-11
-2.52987e-11
-1.20785e-12
-2.13598e-11
-2.56782e-11
-7.45297e-11
1.82867e-11
4.79149e-11
2.63115e-11
1.24415e-11
-2.69243e-12
2.1575e-11
3.24065e-11
4.43504e-11
-5.14398e-11
7.55498e-12
6.27313e-11
-4.23027e-11
-7.65115e-12
-6.19495e-11
-4.25606e-11
-2.57989e-12
-9.79263e-11
7.50089e-11
4.46061e-11
-8.01743e-12
2.19322e-11
3.87909e-11
-1.90467e-11
-3.26765e-11
-1.44232e-11
-3.27811e-11
2.87365e-11
-1.92033e-11
-5.35134e-11
-8.30022e-11
-7.07556e-12
5.8823e-12
4.12734e-11
-4.01113e-11
5.67914e-11
2.81371e-12
2.07443e-11
-1.41523e-11
3.07876e-11
7.96703e-11
7.18652e-12
-3.166e-11
-2.24499e-11
1.42632e-11
2.01339e-11
-6.96355e-12
-5.56685e-11
-3.5059e-11
-3.36533e-11
1.00995e-11
1.71453e-11
-2.51585e-12
2.46626e-11
-3.67968e-11
6.434e-11
3.38569e-11
6.43741e-11
7.05602e-11
-2.01006e-11
2.4136e-11
1.67022e-12
-4.23299e-12
2.85314e-12
4.12582e-11
-1.15594e-11
-4.26684e-11
-1.3155e-11
-1.22886e-11
-2.06377e-12
-2.20487e-12
-3.29765e-11
-1.7264e-11
-2.08304e-12
-4.43116e-11
-8.01738e-11
-6.93636e-12
-1.93432e-11
2.6797e-11
4.20453e-11
5.13889e-11
3.97082e-11
-2.0601e-11
-6.37742e-12
4.02145e-11
-4.57531e-11
-7.87963e-11
3.3901e-11
2.45897e-11
-7.24154e-11
-1.50101e-11
3.06319e-11
3.99976e-11
4.83633e-11
-1.21776e-11
-9.49377e-11
-1.36716e-11
4.85844e-12
2.18634e-11
-3.36542e-11
4.60055e-11
-9.07411e-11
6.58674e-12
-2.27092e-11
-3.47583e-11
6.90534e-11
6.1277e-11
2.60759e-11
-1.34423e-11
1.42664e-11
-1.82251e-11
9.51201e-12
2.2835e-11
-4.31912e-11
3.27575e-11
-2.0183e-11
-4.59142e-11
1.46448e-11
-3.31339e-11
2.53756e-11
2.7172e-11
-1.03612e-11
-3.09143e-11
-9.60625e-11
4.52178e-11
2.12966e-11
-3.41099e-11
-2.1154e-11
1.02414e-12
-1.7758e-11
5.92067e-12
1.9404e-12
-1.88619e-12
2.10188e-11
1.32288e-11
5.43861e-11
1.58701e-11
3.23736e-11
1.26385e-11
-2.93168e-12
-2.00865e-11
-1.26944e-11
-1.70177e-11
3.17896e-11
-1.55516e-11
5.37832e-11
-7.46756e-11
2.03906e-11
-1.53503e-11
-2.89518e-11
-2.09841e-11
-2.10775e-11
6.65339e-11
-6.60099e-11
7.02331e-11
5.93034e-11
9.27778e-12
-3.08006e-11
3.25919e-11
2.10299e-11
-3.16376e-11
-3.73953e-11
-1.33077e-12
4.10993e-11
-1.70929e-11
-3.03704e-11
7.13666e-12
1.64468e-11
-6.82271e-11
-3.22342e-11
-2.81811e-11
2.77689e-11
2.06034e-11
4.15266e-11
-3.1875e-12
4.39262e-11
6.43129e-11
4.50773e-11
1.26517e-11
4.91045e-11
-7.94838e-11
-1.81801e-11
2.4554e-11
-7.99475e-11
-1.1464e-11
2.60299e-11
5.28441e-12
2.31294e-11
8.90871e-12
-2.76313e-11
5.67093e-11
-1.73891e-11
2.87271e-11
-1.48433e-11
2.8518e-11
1.29451e-11
2.38165e-11
1.64234e-11
3.10174e-11
2.68564e-11
-3.67689e-11
7.81871e-13
-4.28005e-12
-3.83411e-11
-1.46178e-11
-1.90702e-12
8.56938e-11
6.6036e-13
1.49064e-11
6.89885e-11
-7.69614e-11
-5.31172e-11
-1.63202e-11
-1.49061e-12
-2.06937e-11
-2.86102e-11
3.76041e-11
-1.04334e-11
2.94838e-11
-5.1336e-11
-2.1061e-11
-3.1081e-11
3.85639e-11
-4.92408e-11
-4.91939e-12
3.65776e-11
-4.01526e-11
1.23447e-11
5.68263e-11
-5.83225e-11
2.47281e-11
4.02934e-12
-4.46668e-11
1.6957e-11
6.65529e-11
5.12041e-11
-7.01794e-12
-2.31224e-11
-4.30945e-12
-8.40892e-11
5.24745e-11
2.7896e-11
3.66679e-11
8.08037e-11
7.66251e-11
7.16416e-12
9.44061e-12
-2.83162e-11
1.81695e-11
-1.47306e-12
-2.08017e-11
3.64651e-11
-8.64124e-12
1.52241e-12
-2.45361e-11
-1.42113e-11
3.21473e-12
5.62065e-11
-4.5943e-11
7.27036e-11
-7.10527e-11
-4.17459e-11
7.28613e-11
5.90013e-12
-5.59073e-11
-2.82457e-11
7.86228e-11
-9.09207e-11
-1.18034e-11
8.48969e-11
-5.26181e-11
4.33647e-11
-3.86985e-11
8.92934e-11
3.33488e-11
-1.33451e-11
1.76806e-11
8.85268e-12
2.88087e-11
-2.83523e-12
-1.77147e-11
-3.87449e-11
6.931e-11
-1.53606e-11
-2.33219e-11
6.35093e-12
-2.42492e-11
2.52675e-11
1.85397e-11
4.41902e-11
-6.07107e-11
1.5563e-11
1.83138e-11
1.16021e-11
-3.96489e-11
1.99761e-11
1.14096e-11
-1.38029e-11
-1.04966e-11
-3.22549e-11
7.42494e-11
-2.09836e-11
-3.0784e-11
4.19621e-11
3.04739e-11
-3.87643e-11
3.95088e-11
5.79229e-11
-2.96911e-11
-2.04532e-11
-7.24235e-12
-1.3375e-11
-1.94583e-12
-2.9104e-11
-4.49605e-11
-1.55517e-11
1.34421e-11
3.23209e-11
1.99396e-11
1.42282e-11
8.17518e-12
1.64431e-11
4.06225e-11
2.74987e-12
3.11926e-11
1.46949e-11
-5.36549e-12
-3.55195e-11
-5.23644e-11
4.3553e-11
-4.96968e-11
-2.03892e-11
-2.25128e-11
6.70065e-11
9.75935e-12
3.46222e-11
-1.48121e-11
-4.26835e-11
9.07362e-12
-8.10334e-12
1.55192e-11
4.06543e-11
-2.43984e-11
-1.95085e-12
3.99719e-11
2.95899e-11
1.0561e-12
-1.48721e-11
-3.83918e-11
3.60544e-12
-9.8574e-12
-1.70033e-11
1.14022e-11
-7.89759e-12
2.93477e-12
1.3963e-11
2.35494e-11
-3.35324e-11
-3.19591e-11
5.58914e-11
-9.0323e-12
-4.42707e-11
6.69446e-11
2.23429e-11
9.69049e-12
-1.76431e-11
-6.73052e-12
-2.06492e-11
2.84992e-11
2.31997e-11
-1.87557e-11
-2.86769e-11
-4.62788e-11
-3.31308e-11
7.39497e-12
2.9621e-11
1.85272e-11
6.84533e-12
-5.02838e-11
9.37211e-11
-7.07628e-11
-1.80382e-11
3.28249e-11
-2.16874e-12
9.02512e-12
9.44952e-12
-4.07681e-12
-4.96995e-11
2.38444e-11
5.61894e-11
2.20749e-11
-1.30989e-11
-4.2933e-11
-3.00889e-11
-6.47132e-11
-5.66117e-11
5.08667e-11
-2.34472e-11
-5.11941e-11
4.49343e-11
1.10912e-11
-1.58381e-11
2.73828e-11
6.35222e-11
9.84613e-12
-2.66574e-11
-1.22134e-11
5.09197e-11
4.08102e-11
1.03716e-11
-1.77047e-11
5.39907e-11
5.85784e-11
4.76147e-11
-1.46988e-12
-4.85131e-11
-4.79395e-11
-5.39257e-11
-7.79224e-11
8.14533e-11
-5.03196e-11
6.83061e-11
-3.33201e-11
-1.58648e-11
2.77756e-11
1.85569e-12
1.62243e-11
9.66781e-12
-1.90434e-11
2.80297e-12
7.23061e-11
3.0096e-12
4.88819e-11
-4.31436e-11
2.11132e-11
-1.95422e-11
6.07111e-11
-1.95417e-11
-6.84196e-12
3.95529e-11
-2.45423e-11
7.91806e-12
-8.12953e-11
-2.71184e-11
-4.35478e-11
7.14668e-12
7.77718e-11
-6.57292e-11
-1.04963e-11
-4.27276e-11
-1.45591e-11
3.26675e-12
1.64334e-11
1.77563e-11
-3.69471e-12
-3.53559e-11
1.45803e-12
-3.41008e-12
-4.89732e-11
-2.72047e-11
-6.16927e-12
1.81606e-11
-1.09181e-10
4.10448e-11
-4.57972e-11
-1.46704e-11
2.29092e-11
-3.71163e-11
-2.08577e-11
6.09783e-11
1.08384e-11
7.773e-12
-5.54539e-11
3.41351e-11
-4.38182e-12
-7.25409e-12
3.99546e-11
-5.09033e-12
1.09572e-10
2.78432e-11
2.15947e-11
-4.09325e-11
2.44621e-12
-1.27877e-11
2.92431e-11
7.85808e-11
5.68942e-12
-1.83011e-11
-4.47498e-11
-5.97752e-11
-2.1924e-12
-3.95919e-11
6.66057e-11
-4.64932e-11
-5.54017e-11
2.00626e-12
2.02633e-11
3.62975e-11
-3.58648e-11
1.01829e-10
-6.6369e-11
3.40882e-11
-1.54495e-11
2.1658e-11
2.67315e-11
-4.11698e-12
1.19212e-11
1.86226e-11
3.03194e-11
-4.51751e-11
-1.84678e-11
-3.59031e-11
-7.21838e-11
3.48505e-11
1.52297e-11
-3.66605e-12
-3.71145e-11
-5.11615e-11
8.21416e-13
-1.10511e-11
2.86982e-11
1.11006e-12
-1.39651e-11
1.93777e-11
1.87242e-12
2.83817e-11
-1.77848e-12
2.83713e-11
-3.26328e-11
-9.77572e-12
-5.57792e-11
-1.85873e-11
-2.04173e-11
2.87619e-11
-2.89839e-11
-7.831e-11
7.4917e-11
5.15156e-11
-5.87132e-11
-3.68497e-11
-6.22505e-12
3.58291e-11
9.12131e-12
2.99819e-11
3.75126e-12
4.04383e-11
-8.53242e-12
2.21095e-11
9.31964e-12
6.60748e-12
3.64248e-11
4.66745e-11
-2.3204e-11
2.25135e-11
-3.5929e-11
2.91551e-11
-3.25518e-11
8.71443e-13
3.41161e-11
-1.86402e-12
8.79699e-11
1.77218e-11
-1.73786e-11
-7.33998e-12
5.36979e-11
4.46753e-11
9.88371e-12
1.98355e-11
2.09792e-11
-4.87775e-12
6.52356e-11
-4.07342e-11
2.19383e-11
1.51786e-11
-6.28996e-12
-9.88454e-12
6.06367e-11
7.2235e-12
4.31776e-11
2.11805e-11
6.88421e-11
6.6688e-12
-3.25066e-11
-3.58336e-11
1.02773e-11
-5.09935e-11
3.70392e-11
-2.30384e-11
1.56966e-11
-5.18896e-11
4.57824e-11
1.36469e-11
4.68234e-11
9.31805e-12
8.42107e-12
-1.46694e-11
-2.97589e-11
6.01153e-12
4.27713e-11
-3.40176e-11
-4.63402e-11
-5.16412e-12
-6.83229e-11
-1.92885e-11
-2.78011e-11
5.81167e-11
-4.32769e-12
1.36543e-11
-1.07208e-11
2.80018e-12
6.52826e-11
7.05755e-11
2.47078e-11
-2.93795e-11
4.8196e-11
4.13176e-11
1.48917e-11
-4.38245e-11
2.22613e-11
1.70772e-11
4.30451e-11
-6.14395e-11
-4.82374e-11
2.93461e-11
8.51864e-12
2.6982e-11
-7.67873e-11
1.46244e-11
-2.20913e-13
-4.58294e-12
1.54023e-11
-1.60982e-11
-1.98071e-11
7.94343e-12
2.99161e-11
-4.9178e-12
-4.06235e-14
1.63193e-11
-8.54471e-12
1.04904e-11
-4.91466e-11
1.95133e-11
-8.60091e-12
-2.3688e-11
1.46139e-11
-5.12953e-11
-3.91443e-11
-3.25603e-11
1.20191e-11
-6.6303e-11
-3.24163e-11
-1.26264e-11
1.89927e-11
1.84967e-11
-2.3097e-11
-2.62424e-11
2.70076e-11
1.65523e-11
-2.47725e-12
5.72038e-11
-1.95511e-11
-3.63744e-11
-6.2631e-12
-1.52934e-11
-3.16912e-11
2.90778e-11
-3.54043e-11
3.67537e-11
5.50964e-11
6.61154e-12
4.42688e-11
-2.04716e-12
-2.06001e-11
-5.74927e-11
-2.77425e-12
-5.00024e-11
-1.50234e-11
7.5294e-11
-2.06033e-12
-7.40698e-11
-1.45712e-11
8.9087e-11
1.48575e-12
9.45082e-12
4.20543e-11
-1.43164e-11
7.06182e-11
-2.67943e-11
3.01683e-11
-7.37515e-12
-1.90935e-11
-6.70433e-11
-2.20484e-11
2.13239e-11
2.87152e-11
3.22653e-11
-2.05889e-11
2.99198e-11
-4.04101e-11
5.35225e-11
-4.22604e-12
-5.08165e-11
-4.84955e-11
-4.78751e-11
-2.47866e-11
3.38595e-11
3.31019e-11
-8.54347e-11
-5.21997e-12
-2.84544e-11
-7.71567e-11
6.19053e-11
2.09914e-11
-2.5638e-11
-7.95605e-13
-1.44677e-11
1.95593e-11
-1.8448e-12
-3.275e-12
-1.05733e-11
-2.10583e-11
-3.10974e-11
-4.04205e-11
-4.68401e-11
-4.8226e-12
-2.80648e-12
4.53004e-11
3.65997e-11
-1.52348e-11
1.66613e-12
1.62789e-11
-2.04964e-12
7.0099e-11
-2.98607e-11
-2.66432e-11
-4.47148e-11
2.64684e-11
-9.6818e-11
-1.38641e-11
-3.27091e-11
-1.28988e-11
4.82955e-11
-4.05964e-11
-3.1644e-11
-8.36143e-11
5.15438e-11
-7.48143e-12
-2.78137e-11
-1.59774e-11
5.62984e-12
6.07587e-13
1.98599e-12
-5.71551e-11
4.59845e-11
-6.97645e-11
-2.59175e-11
-1.80001e-12
-5.04312e-11
3.45947e-11
1.67192e-11
-3.59878e-11
5.21774e-11
6.98496e-11
-4.38764e-11
-4.71229e-11
1.62771e-11
-5.18237e-12
4.99736e-11
1.89578e-11
-4.52595e-11
-1.11689e-11
-5.46328e-11
2.08222e-11
3.17386e-11
1.18974e-11
3.79723e-11
-8.18966e-12
-2.86901e-11
-1.33639e-11
-4.84797e-11
1.50045e-11
1.52761e-11
-4.88016e-11
8.08742e-12
-1.50155e-11
3.06898e-11
-3.40174e-11
-1.54227e-11
1.50398e-11
6.01628e-11
-5.46712e-11
-3.1246e-11
2.24596e-11
3.56114e-11
4.67571e-11
-4.60224e-11
2.11953e-11
3.87835e-11
7.13807e-11
-1.27608e-11
7.02001e-11
7.13213e-12
9.90433e-12
-1.56773e-12
-8.59539e-11
2.70147e-11
-1.80117e-11
-1.67143e-11
-3.91995e-13
-2.71153e-11
-7.62574e-11
-2.79997e-11
6.22375e-11
-2.76379e-11
-2.84819e-11
6.7816e-12
1.49191e-11
1.7134e-11
-8.2536e-12
3.88981e-12
1.6681e-12
-5.4835e-12
-3.07242e-11
2.26987e-11
8.75502e-12
-2.59257e-12
-6.59068e-12
-3.70024e-11
-1.09654e-11
-2.58641e-11
2.1312e-11
-1.30553e-11
-4.53059e-12
8.51752e-12
-7.41625e-11
1.65861e-12
-3.88226e-12
-3.44826e-11
-2.73239e-11
-7.70026e-11
1.29178e-11
-8.56483e-12
1.28723e-12
7.78131e-12
3.92831e-11
2.36571e-11
-9.7632e-12
6.72602e-11
3.07179e-11
2.19466e-11
-3.102e-11
-3.67914e-12
-4.6206e-11
-3.19853e-11
-4.74605e-11
3.57264e-11
8.2172e-11
1.13669e-11
4.01888e-12
-3.80383e-11
-8.2518e-11
1.35172e-11
-5.12172e-11
4.3062e-11
1.65234e-11
3.45667e-11
3.42256e-11
-5.02923e-11
-4.58778e-11
1.41346e-12
-1.85691e-11
-6.55688e-11
-5.24662e-11
-4.74446e-12
4.66778e-11
4.28267e-11
1.17684e-10
1.11384e-11
-1.50235e-11
-4.31295e-11
-2.78277e-11
-2.05721e-12
5.54333e-11
-6.10656e-11
6.48241e-12
-1.91379e-11
5.66603e-11
-2.2036e-11
4.48603e-11
2.65263e-12
-1.97547e-11
1.75086e-11
2.09173e-11
2.14635e-11
4.19145e-11
-3.36123e-11
4.54182e-11
-1.14901e-11
-1.35842e-11
-1.12476e-11
2.61141e-14
-1.59784e-11
-4.29962e-12
-7.66278e-11
-3.3959e-11
-1.59632e-11
5.7947e-11
1.52207e-11
-3.5567e-11
-1.42505e-11
-3.34272e-11
6.17957e-12
9.87178e-12
-4.54499e-12
-4.99793e-11
4.63846e-11
2.02457e-11
-4.18664e-11
-5.22969e-12
-3.07503e-11
9.97932e-12
-1.54934e-11
-6.29161e-11
1.20804e-11
-1.79101e-11
-9.15613e-12
-9.79323e-12
2.06974e-11
5.13553e-11
2.77788e-11
5.09559e-11
-6.95129e-11
4.17125e-11
1.68539e-11
-2.06573e-11
1.57896e-11
2.08051e-11
4.1654e-11
4.2983e-11
3.94048e-11
-3.04502e-11
3.45102e-11
-3.65548e-11
-1.45471e-11
2.19605e-11
-4.81409e-11
6.90525e-11
8.16014e-11
5.11855e-11
4.35124e-13
6.83296e-12
-2.1225e-11
-6.45615e-12
1.10601e-11
2.33913e-11
-1.04052e-11
4.20802e-11
-3.5681e-11
6.33447e-11
5.00703e-11
2.0935e-11
-1.29056e-11
8.17589e-12
6.01552e-11
-8.4314e-11
-2.12545e-11
-1.54584e-11
6.25885e-11
-1.11715e-11
3.55925e-11
1.43345e-11
1.72612e-12
-2.89386e-11
2.51885e-11
4.00421e-11
-1.36692e-11
6.67456e-11
-8.40867e-12
-6.55484e-11
2.76151e-11
-2.73766e-11
1.74036e-12
-4.72842e-11
9.89128e-13
-1.60436e-12
-2.26108e-11
-1.41744e-11
7.64931e-11
-1.4239e-11
-3.81623e-11
1.3933e-11
4.20517e-11
-3.82314e-12
-5.40638e-11
3.66185e-12
-1.48449e-11
5.51652e-12
7.19852e-11
3.6909e-11
1.72406e-11
3.89437e-11
2.73709e-11
5.69408e-11
-4.98396e-11
-4.38577e-12
-8.44644e-13
5.46525e-13
-3.63622e-11
-4.74276e-12
-1.45466e-11
-1.72918e-12
3.11854e-11
1.14949e-12
2.84655e-11
-1.27791e-11
-5.54534e-11
1.68968e-11
6.01579e-12
-3.74697e-11
-6.66621e-12
1.82927e-11
4.59231e-11
1.82968e-12
5.38881e-11
2.47594e-11
5.00146e-12
4.09405e-13
-1.2555e-11
-5.0775e-12
2.63861e-12
5.77761e-11
-3.15363e-11
-5.96257e-11
5.64706e-11
-7.36515e-11
-5.97745e-11
8.2194e-13
1.58326e-11
-4.74783e-11
-1.91439e-11
3.77456e-11
1.794e-11
5.4027e-11
6.79463e-11
3.23864e-11
5.65338e-11
-6.08672e-14
-9.97234e-12
-2.16883e-11
-2.7888e-11
4.10423e-11
-6.75894e-12
4.27726e-12
-4.87186e-11
-9.3905e-12
7.29075e-11
-1.73975e-12
1.55455e-11
-2.90334e-12
-8.3349e-12
-2.17913e-11
8.12051e-12
3.65796e-11
1.17903e-11
-8.597e-12
3.22408e-11
-3.55231e-12
6.7102e-12
-8.60525e-12
2.43881e-11
5.18889e-11
3.59265e-11
2.45551e-11
-3.45409e-12
-2.98824e-11
-2.36612e-11
-1.73545e-11
-1.20538e-11
-5.35054e-11
-2.25466e-11
-3.958e-11
7.07196e-12
3.32228e-11
2.43937e-11
-2.93521e-11
8.86356e-11
4.46256e-11
-3.65762e-11
7.7516e-11
7.76006e-13
3.41612e-11
3.793e-11
4.56994e-11
1.1972e-12
2.63904e-11
-6.15899e-11
-9.18365e-12
3.66394e-11
1.10893e-10
-1.96098e-11
2.66143e-12
1.82868e-11
8.76123e-11
3.25644e-11
-9.59095e-11
1.66208e-11
-1.03109e-11
3.80956e-11
5.45316e-11
-6.75092e-11
-2.8363e-11
6.10558e-11
-2.23704e-11
-1.12293e-11
3.95836e-12
6.64539e-12
5.21369e-12
6.62058e-11
-1.64013e-11
4.55314e-11
1.21645e-11
2.16202e-11
-6.33613e-12
-3.42673e-11
4.18395e-11
5.99444e-12
1.49484e-11
-2.86587e-13
-2.44476e-11
-6.16562e-12
3.82955e-11
6.65888e-12
-2.11041e-11
-9.61064e-12
-1.1724e-11
2.82548e-11
-1.54202e-11
5.15063e-11
-1.4043e-11
-7.78831e-12
-3.06556e-11
4.1394e-11
3.69888e-11
4.6948e-11
-5.71947e-11
4.821e-11
-2.95159e-11
-1.59422e-11
5.99552e-12
1.05621e-11
-2.3371e-11
-5.40918e-11
-3.80119e-11
-3.42263e-11
1.66743e-11
4.73941e-11
-1.58416e-11
2.92728e-11
5.99955e-12
-3.80979e-11
5.13146e-11
-2.76258e-11
6.68947e-11
2.78161e-11
2.7512e-12
-4.30267e-11
6.30425e-12
-5.84917e-11
-2.25566e-11
-5.04496e-11
-1.97572e-11
3.31805e-11
-1.05395e-11
7.97294e-11
-1.84775e-11
1.11802e-11
1.18213e-11
-3.51105e-11
-3.75482e-12
-1.4727e-11
-3.36649e-12
-6.98886e-11
6.67214e-11
-9.21209e-12
-2.96935e-11
-4.99315e-12
-2.86418e-11
-7.15143e-11
-2.58441e-11
1.4925e-11
1.51553e-11
-8.1176e-12
2.3397e-11
-5.49573e-11
-1.18822e-11
3.3188e-11
2.38406e-11
2.80015e-11
3.70516e-11
4.12169e-11
-8.57688e-11
-6.5831e-11
1.96085e-11
3.42546e-12
3.23714e-11
-3.37216e-11
-1.70538e-11
-5.68471e-11
7.13638e-12
2.64821e-11
-9.22731e-13
5.97033e-12
-8.33563e-12
-1.48739e-11
2.2333e-11
-5.70506e-11
2.83264e-11
7.12546e-12
-2.12484e-11
-7.04075e-11
2.89913e-11
-3.33719e-11
-3.91521e-11
7.03459e-12
3.61991e-11
-1.10136e-12
-2.43778e-11
-1.35263e-11
-5.56258e-11
-1.58563e-11
6.72968e-11
3.75325e-11
3.81473e-11
3.883e-11
-1.64193e-11
4.50484e-11
-1.49081e-11
-7.14837e-12
-3.18701e-11
3.63284e-11
3.01841e-11
2.43845e-11
1.92124e-11
-2.73701e-11
-2.70147e-11
4.35229e-11
8.68729e-11
4.83126e-12
1.05548e-11
-2.65747e-11
9.56948e-12
2.71324e-12
-1.65507e-11
-1.50055e-11
-2.19676e-11
-5.21472e-13
2.4128e-11
-3.73955e-11
-3.08931e-11
4.59808e-11
-1.09013e-12
-3.2166e-12
1.71714e-11
5.24706e-11
2.7824e-11
-8.43876e-13
6.11774e-11
-5.04275e-11
-4.54216e-11
3.57986e-11
-7.11374e-12
-2.80264e-11
2.12026e-11
1.36985e-11
-2.96934e-11
-3.36879e-11
-2.61505e-11
2.75453e-11
2.54069e-11
-4.56824e-12
-1.20373e-11
-5.18077e-12
-1.20249e-11
-1.73311e-11
-9.08671e-12
-7.21107e-11
1.86866e-11
-2.53289e-13
-3.97789e-13
6.31486e-12
4.66455e-11
-1.80798e-11
5.38824e-11
-3.78132e-11
-2.73839e-11
-3.83288e-11
-7.41826e-12
-5.41732e-13
1.74551e-11
1.66163e-11
-1.07759e-11
-1.78171e-11
-1.19552e-11
-7.16885e-11
-8.49544e-12
4.01766e-13
9.34809e-13
2.93322e-11
1.14572e-11
-3.29121e-11
-8.66016e-12
2.62768e-11
3.75532e-11
-5.65323e-11
-4.74742e-11
3.8654e-11
4.18489e-12
-2.00947e-11
9.67471e-13
1.17057e-11
-8.76887e-12
-1.69787e-11
2.32946e-12
4.53482e-11
-1.88031e-11
3.35194e-11
-3.10691e-11
5.76209e-11
-3.60285e-11
2.78934e-11
-2.85646e-11
3.71115e-11
3.23613e-11
3.59962e-11
2.4976e-11
-6.83351e-12
5.35483e-11
1.71552e-11
1.97097e-11
2.13969e-11
-1.20399e-11
-2.43941e-11
4.22538e-11
-4.6962e-11
-1.56428e-11
-1.03602e-11
-7.72213e-12
-5.38012e-11
1.14611e-11
1.09258e-11
9.07939e-11
8.61042e-12
3.39076e-12
3.42762e-11
-2.16611e-11
6.535e-11
-2.88736e-11
-4.58235e-11
-5.24153e-11
1.39355e-12
-2.67831e-11
1.88153e-11
2.17049e-11
3.89633e-11
-4.16299e-11
-2.09376e-12
-2.76576e-11
-5.68399e-12
-3.5185e-11
2.71997e-11
-1.55457e-11
-5.76604e-12
1.72674e-12
2.28876e-11
-2.05246e-11
-2.97961e-11
2.59326e-11
3.41268e-11
5.73352e-11
-2.533e-11
5.55304e-11
3.80564e-13
2.59419e-11
4.78195e-11
-3.15765e-11
-3.43365e-11
-5.66321e-11
4.39518e-11
-2.71456e-11
2.90262e-11
-1.52683e-11
1.83927e-11
6.00359e-11
-1.82434e-12
2.79255e-11
-1.17453e-11
1.62099e-11
-1.49393e-11
2.37271e-15
2.74413e-12
2.48877e-11
1.63957e-11
-9.71829e-11
-3.12935e-11
7.44532e-12
3.29093e-11
5.26622e-11
1.51548e-11
-2.15472e-11
1.5592e-12
1.69635e-11
-7.39676e-11
2.58956e-11
2.63032e-11
-2.4935e-11
-1.76546e-12
-7.07952e-12
1.63768e-11
-1.49346e-11
-1.62406e-11
2.9451e-11
-3.85083e-11
8.80834e-11
3.45989e-11
5.86689e-11
1.1115e-11
-1.38937e-11
-3.88969e-11
6.41534e-12
-5.7597e-11
-1.54972e-11
-5.40049e-11
-1.52167e-11
5.39081e-11
2.27075e-11
-4.90417e-11
3.8171e-11
4.70341e-11
-2.035e-11
4.36481e-12
-1.30236e-10
-5.35136e-12
3.10729e-11
8.89629e-12
1.58032e-12
2.16144e-11
-2.41556e-11
5.34516e-11
2.51012e-11
1.54723e-11
7.5302e-11
-2.59123e-11
1.53779e-11
4.38109e-12
-7.00156e-12
-7.63737e-11
-4.76641e-11
-2.65135e-11
-1.51034e-11
2.14889e-11
3.02439e-11
3.25599e-12
2.8778e-11
-9.4139e-12
-5.754e-11
-7.21177e-11
-1.59617e-11
2.09786e-12
1.17878e-10
-1.00929e-11
-1.93237e-11
-4.02562e-11
-2.65212e-12
-5.00943e-11
-1.68405e-11
-7.73031e-11
8.75789e-12
-2.82237e-11
-1.46153e-11
1.82299e-12
4.55859e-11
-3.75249e-12
6.40741e-11
1.07196e-12
-4.36931e-11
-3.00105e-11
-2.84265e-11
-2.74298e-11
4.66044e-12
-3.76499e-11
1.12132e-11
3.07585e-11
-8.55814e-12
1.92878e-11
1.72432e-11
1.46669e-11
3.19248e-11
3.02276e-11
-2.65796e-11
1.95814e-11
-3.74308e-11
-6.177e-11
4.56079e-11
3.74808e-12
1.46468e-11
3.22619e-11
-1.00498e-11
4.92015e-11
2.6407e-11
-3.83692e-11
1.59805e-11
1.52224e-11
6.93566e-11
3.60102e-11
5.31719e-11
4.48177e-11
-2.25824e-11
-1.58213e-11
-5.01391e-11
7.30757e-11
-3.69623e-11
1.01138e-11
7.78289e-11
8.90041e-11
-6.86178e-11
5.70841e-11
-1.09766e-11
-1.24354e-11
-4.66599e-12
4.12684e-11
-4.04004e-11
-4.36114e-11
-2.92333e-11
-4.44767e-11
-2.1907e-11
-5.82093e-11
5.83234e-11
-1.49123e-11
-3.31558e-11
6.43845e-12
2.61073e-12
-2.4555e-11
5.22981e-11
8.65378e-12
2.59281e-11
-1.98809e-11
-2.70424e-11
-1.15728e-11
-6.36401e-11
6.44515e-11
9.5434e-13
4.45221e-11
5.28647e-11
-3.56713e-11
-9.42767e-12
-6.49012e-13
-3.84987e-12
5.45857e-11
6.15681e-11
3.43973e-12
5.47355e-11
-6.95205e-11
4.8383e-12
1.00552e-10
2.18896e-11
4.24453e-11
-4.72344e-12
8.7811e-13
2.54787e-11
-1.58124e-11
-2.91229e-11
-7.90698e-12
5.76906e-11
8.12938e-11
4.88462e-11
2.38235e-12
-3.88194e-11
8.1689e-11
2.14125e-11
5.08801e-11
1.82302e-11
5.813e-11
5.92628e-11
-1.44887e-11
5.33008e-12
-3.98815e-12
6.3678e-11
3.77001e-11
4.54364e-11
1.02484e-11
2.43201e-11
6.64521e-11
-1.40882e-11
1.77732e-11
7.05273e-11
2.74106e-11
-5.20727e-11
-4.01798e-11
-1.84261e-11
2.87841e-11
1.65371e-11
-7.02758e-11
1.61601e-11
1.2542e-12
3.87652e-11
-8.75287e-12
-3.62452e-11
-3.39173e-11
-3.0254e-11
3.14861e-11
7.25068e-12
1.60342e-11
-2.10517e-11
-2.9629e-11
1.70611e-11
-1.03791e-11
5.35402e-11
3.08193e-11
4.18518e-11
-2.44912e-11
-3.20289e-11
-2.06933e-11
3.14353e-11
6.80426e-11
6.71024e-12
2.06371e-11
-1.01846e-11
-2.43689e-11
1.84006e-11
-3.03769e-11
7.62324e-11
-1.8928e-11
1.01934e-11
-7.324e-11
6.05507e-11
6.49248e-11
1.71679e-11
9.20873e-12
5.01232e-11
-3.84364e-11
-1.46556e-11
1.49476e-12
3.31077e-12
-7.46909e-11
8.43473e-12
-2.46767e-11
-1.12252e-11
-1.89431e-11
-6.18374e-11
-6.41008e-11
-1.21747e-11
1.77946e-11
4.70632e-12
-1.39659e-11
2.74651e-11
-2.09026e-11
4.69388e-11
3.21784e-11
3.25319e-11
1.24665e-11
4.32354e-11
-5.52422e-12
9.93085e-12
6.32706e-11
-1.16949e-12
3.46269e-11
-2.62526e-11
-2.60449e-12
-2.85109e-11
1.04888e-11
-6.42889e-11
4.30874e-11
-9.25385e-12
2.76411e-11
7.49699e-12
5.74023e-12
4.93401e-11
1.25988e-11
1.35891e-11
2.16098e-11
-2.15387e-11
3.11701e-11
2.61002e-11
2.32378e-11
-1.74186e-12
-2.13257e-11
6.2551e-11
-5.1549e-11
3.78827e-11
3.81053e-11
6.63841e-11
5.80446e-11
9.96348e-12
-6.99367e-13
4.73609e-12
-8.81542e-11
-9.86844e-11
-1.83896e-11
3.23036e-11
4.42733e-11
5.29604e-11
2.43583e-11
6.98982e-13
-3.22651e-11
7.34937e-11
-3.24258e-11
-2.23787e-11
1.84512e-11
7.72724e-12
-5.3103e-11
1.37808e-11
2.95176e-11
-1.37312e-11
-2.01158e-11
-1.00668e-11
-2.05877e-12
3.69808e-11
-1.76841e-12
2.00206e-11
4.10995e-11
-4.00491e-11
3.11544e-12
2.12013e-11
3.70648e-11
-7.88756e-12
-8.33304e-12
-6.06079e-11
-1.38324e-11
7.80351e-11
4.56482e-11
-3.99297e-11
-3.24336e-11
-4.20834e-12
3.0293e-12
1.39905e-11
-1.44347e-11
-2.9862e-13
8.7615e-12
1.87519e-11
3.22426e-11
-4.35186e-11
-5.30603e-11
1.72405e-11
-1.47007e-11
3.57767e-11
-5.6774e-11
-1.83014e-11
-3.81604e-11
8.81067e-12
3.15615e-11
2.2025e-11
3.76974e-11
-6.2695e-11
-5.54703e-11
-1.421e-11
3.49514e-11
-1.87367e-11
-9.23839e-11
1.76265e-11
-5.09591e-11
-1.78888e-12
-2.86182e-11
-1.58798e-11
-3.50956e-11
3.88715e-11
2.84738e-11
3.8641e-11
7.90473e-11
-1.71552e-11
3.02049e-11
-6.25676e-11
-6.6136e-12
2.56554e-11
-2.74373e-11
-4.82799e-11
2.26143e-11
6.50237e-11
-6.50025e-12
2.82487e-11
-6.70745e-11
-4.17046e-11
2.85097e-11
-2.25179e-12
-7.34459e-11
-3.67956e-11
-1.62774e-11
-4.86732e-12
3.05535e-11
4.49428e-11
3.8666e-11
-3.3381e-11
-3.00704e-12
-3.33449e-11
1.95419e-11
1.69536e-12
-9.65777e-11
-3.15796e-11
4.73231e-11
-1.08327e-11
-5.10365e-12
3.80611e-11
5.44847e-12
-2.48458e-11
-1.74454e-11
3.55896e-11
-1.70373e-11
4.35676e-11
-3.38504e-13
6.84096e-11
-4.31332e-11
2.06552e-12
-7.14681e-11
-6.31481e-12
3.38517e-11
1.07716e-10
1.37454e-11
2.26396e-12
7.33913e-12
-9.8731e-12
-4.044e-11
2.90578e-11
4.95669e-12
3.46862e-11
-2.96042e-11
2.58633e-11
-2.21972e-11
1.61324e-11
-5.83022e-11
1.94595e-11
-1.32299e-11
-1.73445e-11
-3.94441e-11
-1.5931e-11
-4.49561e-11
3.77759e-11
3.0838e-12
-6.00207e-11
-1.3725e-11
-9.10888e-11
-4.3659e-11
-3.17213e-11
-1.11208e-11
-2.13626e-12
-9.73811e-11
3.15106e-11
9.00475e-11
-6.37334e-12
4.66303e-11
-2.94575e-11
6.99793e-12
6.23215e-11
-7.27253e-11
-7.98821e-11
4.98636e-11
3.92895e-11
-5.51225e-11
5.88968e-11
-1.85192e-11
-1.04836e-11
-3.17467e-11
8.7532e-11
-1.2847e-11
-7.33485e-13
4.0377e-11
9.0753e-12
-1.50281e-12
2.23951e-11
-7.63929e-11
-3.02613e-11
-1.34568e-11
-3.83846e-11
3.56184e-11
-3.5368e-11
-8.24945e-12
3.24298e-12
3.22819e-12
2.30898e-11
-2.42919e-11
-1.77722e-11
3.86232e-11
-3.92208e-11
5.84082e-11
-1.65363e-11
-7.14397e-12
7.06892e-12
1.97589e-11
3.74279e-11
4.64071e-11
-4.88032e-11
-5.03939e-11
-3.09478e-11
-6.21805e-11
-1.54133e-11
-3.08252e-11
-4.49878e-11
1.662e-11
8.22481e-11
1.21543e-11
-3.79328e-11
4.69844e-12
-4.228e-11
5.20461e-12
-2.31468e-11
-3.90028e-11
-1.03768e-11
-2.41123e-11
2.65449e-11
-3.63346e-11
1.79591e-11
-6.39448e-11
-2.83016e-11
-3.94357e-11
-3.47382e-11
3.24174e-11
-2.12486e-11
4.41502e-11
4.94699e-11
-2.07795e-11
3.26236e-11
-1.08811e-11
-4.20085e-12
-2.41619e-11
3.68921e-11
-6.64418e-13
-2.88043e-11
3.55403e-11
-1.93852e-11
3.2451e-11
2.41338e-11
-2.73007e-11
-9.48595e-12
-2.04569e-13
8.58957e-11
-4.14925e-11
-4.59658e-11
-1.18861e-11
5.81653e-11
-7.17223e-11
-3.93463e-11
6.58514e-11
-2.26844e-11
-3.27507e-11
-6.19361e-12
-1.99582e-11
7.44853e-12
-2.26641e-11
1.27079e-11
-8.67197e-12
-5.90036e-11
-4.10871e-12
5.64843e-11
-3.1136e-11
-4.45381e-11
2.07021e-11
-2.85946e-11
6.5976e-11
1.45835e-11
6.56083e-11
-3.32268e-11
1.06607e-11
-9.30359e-12
1.4315e-12
2.7643e-12
2.51156e-11
3.56064e-11
-6.50219e-11
-1.82501e-11
3.06263e-12
4.16346e-11
3.21475e-11
2.44135e-11
3.54121e-11
-3.95751e-11
-2.2805e-11
3.11257e-11
-3.53801e-11
3.55076e-11
-8.69121e-15
-6.06842e-11
-1.86546e-11
-3.45819e-11
3.59336e-11
2.4708e-11
2.46829e-11
3.01073e-11
-3.40893e-11
-2.61111e-11
-7.01646e-11
-1.56489e-11
1.88666e-11
4.16202e-11
-5.23775e-11
2.98652e-13
-4.10309e-11
-1.12898e-11
8.66896e-11
8.17222e-12
-8.40668e-12
-5.33615e-11
6.00839e-11
4.9865e-11
-1.58687e-11
2.38049e-11
-7.7776e-12
-4.95455e-12
2.24082e-12
-4.78185e-11
-4.28483e-11
1.96766e-11
2.74297e-11
4.8885e-12
-1.72011e-11
8.99647e-13
1.43767e-11
-8.30382e-11
1.85527e-12
4.95875e-11
5.49983e-12
1.1903e-11
3.84971e-12
1.30268e-11
-3.14349e-11
-1.00638e-11
-3.46779e-11
3.35452e-11
-4.94239e-11
-2.36106e-11
-2.14155e-11
-4.23853e-11
-3.51108e-11
-6.35442e-11
-3.77106e-11
3.49937e-12
3.87787e-11
-4.30885e-12
5.5627e-12
-6.22293e-11
-3.76372e-11
2.05201e-11
-7.66179e-12
-2.53606e-11
1.80045e-11
1.63466e-11
-2.90399e-11
2.86673e-11
6.19766e-11
2.89273e-11
5.88761e-11
6.31317e-11
2.20378e-11
-5.82373e-12
-6.23609e-11
-1.05523e-10
-5.88759e-11
2.38979e-11
-5.69854e-11
3.22319e-11
-4.61653e-11
5.06381e-11
-3.554e-11
5.48176e-11
-1.53279e-11
-1.23324e-11
-1.33195e-11
-4.95523e-12
3.49115e-12
2.97486e-11
2.35519e-11
5.04447e-11
-6.38286e-12
2.14771e-11
-1.32622e-11
-1.35904e-11
1.10424e-10
8.02146e-11
7.0558e-12
-7.70996e-11
-2.86603e-13
-3.31056e-11
-2.13824e-11
-6.00124e-11
1.32029e-11
-2.20511e-11
-4.16167e-11
-1.00881e-12
7.17038e-11
-3.46952e-11
1.07915e-11
-5.58147e-12
1.91239e-11
3.68964e-11
5.79943e-11
2.33458e-11
3.61506e-11
-1.47267e-11
-2.65807e-11
4.23616e-11
-2.22051e-11
-2.66413e-11
8.42604e-11
4.17345e-11
2.39125e-11
-6.29446e-12
7.30722e-11
-1.24505e-11
-2.11881e-11
-4.75828e-11
-4.32394e-11
5.24992e-12
-4.53027e-11
2.36894e-11
-2.37065e-12
5.61774e-11
-1.01704e-11
-4.39793e-12
1.01218e-10
-1.05129e-10
-3.23362e-11
1.15366e-10
8.71906e-12
3.9531e-11
3.99297e-11
-1.74769e-11
2.81024e-11
-7.1171e-11
-7.58152e-12
6.31023e-12
2.10153e-11
8.97412e-11
-1.20408e-12
-1.74846e-11
3.21223e-11
-8.41902e-13
1.42626e-11
-3.60449e-12
1.06018e-11
-5.86963e-11
3.03792e-11
6.96532e-11
3.17856e-11
-4.2905e-12
-1.41762e-11
-6.31779e-11
-3.67021e-11
-2.61919e-11
4.15725e-12
-9.14431e-12
6.17481e-11
-5.90283e-11
-4.81225e-11
-3.05241e-11
4.77637e-11
1.56963e-12
-1.35692e-11
-3.16104e-11
-6.98069e-11
1.80565e-11
-6.21249e-12
7.05522e-11
-5.63684e-11
-3.30531e-11
2.39086e-11
-2.2918e-11
3.46025e-12
-8.15266e-12
2.53082e-11
-1.13037e-11
-7.02731e-11
-3.45676e-11
3.93856e-12
-3.24514e-11
-1.23428e-11
-2.16883e-11
4.68662e-11
-4.66076e-11
3.58405e-11
-1.74351e-11
4.49787e-11
4.37677e-11
-2.65654e-11
-1.72246e-11
-3.14852e-11
-3.72642e-11
-2.46915e-11
4.39691e-11
-2.21024e-11
2.9715e-12
-1.17158e-11
-2.82313e-11
8.73714e-12
-2.67127e-11
-6.72621e-13
6.79264e-11
1.19442e-11
1.27239e-11
2.28923e-11
9.9732e-12
-3.1304e-13
1.76593e-11
-2.05686e-12
5.86806e-11
-8.18571e-11
-3.251e-11
1.00284e-11
-2.92488e-11
-2.35199e-11
4.73935e-11
-1.41495e-11
-6.02154e-11
-2.7004e-11
-2.73776e-11
-6.40295e-12
-3.758e-11
1.99774e-11
8.15512e-12
-1.4964e-11
6.70787e-11
1.15992e-11
-6.94909e-12
-2.43995e-11
-2.9726e-11
5.82263e-11
-7.27672e-11
-4.77157e-11
7.46589e-11
-4.57727e-11
-4.34316e-12
4.06391e-11
1.19091e-11
4.07965e-11
-8.49285e-12
8.91024e-11
-1.84444e-11
-1.19458e-11
-5.91493e-11
-2.94073e-11
-3.65336e-12
1.01715e-11
3.22901e-12
4.59168e-11
7.70748e-12
8.22962e-12
2.48741e-11
7.49773e-12
2.06809e-11
4.48084e-12
-6.79047e-11
1.45762e-11
-3.99978e-12
2.04815e-11
5.54068e-12
-4.99088e-11
6.04121e-11
-1.63936e-11
-2.81381e-11
3.77781e-12
3.31159e-11
-8.92779e-14
2.46974e-11
3.03203e-11
6.3602e-12
1.11719e-10
2.94284e-11
-6.65085e-11
-3.35314e-11
-8.18953e-12
1.45428e-11
5.3646e-12
8.14323e-12
-4.44787e-12
-9.46747e-12
-4.44157e-11
9.18186e-12
3.18828e-11
5.40431e-11
-3.42546e-11
3.92721e-11
3.37726e-12
-2.55543e-11
-6.26725e-12
1.53519e-11
-5.58473e-11
4.27939e-11
-1.05495e-10
1.01069e-11
3.00771e-11
3.62428e-13
-2.3952e-11
-1.06328e-12
-3.61048e-11
1.53307e-11
-7.50876e-12
2.39718e-11
3.20559e-11
-2.40713e-11
-4.39491e-11
-1.88677e-11
-2.97126e-11
-7.74987e-11
1.60584e-11
-2.03357e-11
1.17889e-10
3.94362e-12
3.67412e-11
1.24903e-11
6.29096e-12
1.43669e-12
-3.17549e-11
-9.39637e-12
-1.77093e-11
3.17129e-11
8.58205e-12
3.53843e-12
-2.78799e-11
6.41027e-12
7.79268e-12
-1.78763e-11
-7.85963e-11
-2.94606e-12
7.84678e-11
-2.61899e-11
8.50145e-11
-3.9231e-11
-1.71835e-11
-3.17854e-11
1.16105e-11
8.1951e-11
-1.22096e-11
1.81325e-11
-4.33605e-11
6.63027e-12
-2.72941e-11
3.39087e-11
5.77493e-12
-2.76363e-11
-3.50995e-11
3.26769e-11
6.23589e-12
3.13638e-11
2.70785e-11
-3.47632e-13
1.44895e-11
-1.40047e-11
-6.39554e-12
-1.58516e-11
1.94801e-11
2.40556e-11
3.55643e-11
-3.58946e-11
-2.20235e-11
-1.98012e-11
-4.44049e-11
-1.15643e-12
-4.9112e-11
1.07717e-11
5.35071e-12
-3.97025e-11
-3.75113e-11
5.31142e-11
-1.45984e-11
-2.51926e-11
3.84469e-11
-9.20679e-12
-4.222e-12
4.64537e-11
-2.70602e-11
1.68166e-11
2.78225e-12
4.3122e-11
2.96971e-12
2.18143e-12
-6.2844e-12
6.57111e-11
4.11206e-12
6.18477e-11
-2.11454e-11
-2.732e-11
3.37918e-11
-3.32614e-11
-3.87981e-11
-1.19935e-11
1.75684e-11
1.22822e-11
5.07795e-11
-2.74362e-11
-2.15622e-12
5.19516e-11
8.831e-11
8.29617e-12
2.49786e-11
1.05303e-11
-6.02046e-13
8.27885e-12
1.41447e-11
2.25279e-11
2.22498e-11
1.6921e-11
-4.97167e-11
-1.5759e-12
-3.83723e-11
-7.08142e-12
-6.91568e-12
4.50291e-12
4.72752e-11
3.56441e-11
2.15799e-11
-7.72299e-11
6.76909e-11
5.4551e-12
-2.27806e-11
-3.95667e-11
4.65857e-11
-1.62608e-11
1.07334e-12
-8.57017e-11
-3.03544e-11
-1.48694e-13
2.3423e-11
-7.02153e-11
4.42083e-11
-7.39558e-13
-1.77713e-11
2.12035e-11
-4.75995e-11
3.7886e-12
-4.21227e-12
5.68656e-11
5.71798e-11
8.38441e-12
-7.61879e-13
-1.82103e-12
1.73706e-11
1.00023e-11
1.06796e-11
-3.63198e-11
-1.89916e-11
-2.26658e-11
2.68593e-11
1.42211e-11
-4.20806e-11
4.28372e-13
7.59271e-11
-6.60756e-11
-3.58563e-11
2.77408e-12
-1.49765e-11
-2.0506e-11
-5.23908e-11
5.67572e-11
-5.54621e-11
4.60103e-12
4.86008e-11
1.10939e-11
1.98281e-11
-2.28502e-11
-7.11248e-11
-3.01379e-11
-5.42341e-11
2.33398e-12
-4.77745e-11
2.24436e-11
-5.55236e-11
-7.98008e-11
-5.68715e-13
-7.54987e-11
1.95244e-11
-4.8469e-12
2.63623e-11
-1.46603e-11
-2.30057e-11
-3.20388e-12
-8.09906e-11
-3.33242e-11
-2.06148e-11
1.93852e-13
7.28585e-12
3.9531e-11
2.70847e-11
9.67008e-12
-3.24873e-11
-4.22865e-11
5.83853e-11
4.94026e-11
3.60656e-12
6.63461e-12
4.61863e-11
3.97653e-11
-5.34307e-11
1.01937e-11
-4.1207e-12
-6.51736e-11
-1.34402e-11
-3.30662e-11
8.65417e-12
1.55891e-13
-2.39617e-13
2.76194e-11
-1.85151e-11
2.51149e-12
4.93059e-12
3.43468e-11
-1.20651e-12
-1.67329e-11
-3.591e-11
1.96471e-12
-1.73229e-11
4.30412e-11
-4.02414e-11
-1.65145e-11
-8.1772e-11
-8.91191e-11
-4.99584e-11
8.58909e-11
-5.25758e-11
-9.05966e-12
-3.53551e-11
-5.24845e-11
-2.533e-11
5.0568e-11
-6.52742e-11
-2.98873e-11
2.9873e-11
1.94844e-11
-2.75995e-11
1.74134e-11
-1.60838e-11
-3.813e-11
-4.714e-12
5.61117e-13
-5.62341e-11
-8.01235e-12
-4.52876e-11
9.50886e-12
-4.29668e-11
-2.2462e-11
-8.85388e-12
3.0488e-11
3.70685e-11
-4.37673e-12
-3.66842e-11
-5.86797e-11
3.45879e-11
-7.15571e-12
3.1009e-12
-8.84718e-12
-1.17208e-12
-5.07116e-11
-9.6704e-12
8.50397e-12
1.94978e-11
-2.25029e-11
1.56779e-11
7.15639e-11
-1.8599e-12
-3.3625e-11
-2.50271e-11
4.6207e-11
-9.39581e-11
2.89227e-11
9.21467e-12
9.49165e-12
-2.54417e-11
3.36831e-11
-1.63254e-11
-6.6279e-11
-1.43047e-11
2.90689e-11
1.3714e-11
2.04285e-11
-2.27689e-12
3.71731e-11
-7.27521e-12
1.90628e-11
-5.73915e-11
3.6024e-11
3.25637e-12
5.37991e-11
7.53899e-12
-2.19273e-11
5.11072e-11
-2.08041e-11
1.2875e-10
2.83974e-11
1.87863e-12
1.18623e-11
-3.18671e-11
-1.26099e-11
-9.7161e-12
-7.20254e-12
6.00605e-13
3.47491e-11
4.15544e-11
-3.41899e-11
-3.99406e-11
-4.34698e-11
-7.85752e-11
-4.65823e-12
2.85062e-11
3.3137e-11
2.04532e-11
-4.873e-11
2.7202e-11
4.08342e-11
6.75098e-11
2.50117e-11
-2.88648e-11
-1.46373e-12
2.81077e-12
7.80828e-12
5.05433e-11
-6.32396e-12
-4.73654e-11
-5.45001e-11
-6.59938e-11
-9.00371e-12
1.27703e-12
1.97599e-11
-2.75212e-12
-5.68651e-11
-4.36039e-11
-7.11975e-11
-7.19734e-12
2.20835e-11
-1.44374e-11
-8.01011e-12
1.39449e-11
-9.66738e-13
1.1001e-11
4.97064e-11
4.93727e-11
2.93027e-11
9.85942e-12
-2.47356e-11
6.49145e-11
-6.59737e-12
-2.78319e-11
-3.45882e-11
1.82018e-11
-9.08724e-12
-4.22719e-11
3.38566e-11
1.0702e-11
-2.2117e-11
-2.42085e-11
1.1591e-11
4.94683e-11
-1.96411e-11
1.56374e-11
-1.43216e-11
-1.06034e-11
1.51168e-11
-1.51926e-11
1.16752e-11
-1.45451e-11
2.86822e-12
-3.44165e-11
5.19165e-11
-2.92187e-13
2.32519e-11
2.77601e-11
-3.27699e-11
1.12755e-11
4.52919e-11
6.26179e-11
2.4994e-11
-9.45685e-11
-1.24382e-11
1.06082e-11
-3.80694e-11
-5.00483e-11
2.93036e-11
8.89714e-12
3.049e-11
-5.68579e-11
4.14909e-12
-8.80517e-11
3.10357e-11
-2.4185e-11
1.70076e-11
6.50052e-11
4.11281e-11
-2.17634e-11
2.2575e-11
-2.79587e-11
-6.11565e-11
-3.66583e-11
3.21791e-11
1.70299e-11
-3.25819e-11
-5.95994e-11
5.71484e-12
4.71944e-11
1.67055e-11
4.35458e-11
4.79491e-11
3.313e-11
-3.75068e-11
4.34126e-11
-6.45359e-11
1.38877e-11
1.10456e-10
-1.53933e-11
-3.78297e-11
7.7537e-12
-4.72757e-11
1.38641e-11
3.2456e-11
-3.22699e-11
6.62435e-12
1.20835e-11
5.31568e-11
-5.26215e-11
2.9728e-11
7.91937e-11
7.44359e-13
-1.31372e-10
1.14852e-11
-2.0694e-11
-3.72844e-11
-5.34406e-11
4.26695e-11
4.84907e-11
-1.20816e-11
-3.66838e-11
1.13239e-11
2.39214e-11
-6.5487e-11
2.74173e-11
-2.12655e-11
-4.62069e-11
3.70407e-11
-2.81386e-11
1.10164e-11
4.65472e-11
2.41774e-12
-1.15877e-13
-4.069e-11
8.14858e-11
1.24204e-11
1.96747e-11
6.14977e-11
-1.3123e-12
-2.28612e-11
3.87543e-11
-2.59927e-11
-1.583e-11
-8.12946e-12
-2.32672e-11
2.72581e-11
1.29086e-11
-4.70074e-11
6.26263e-11
4.84035e-11
7.69912e-11
2.99842e-12
2.67103e-11
-2.00529e-12
-2.56395e-11
-2.35492e-11
7.37256e-11
1.04197e-11
2.60628e-11
2.72939e-11
-3.00796e-11
-3.65065e-11
1.45802e-11
5.21836e-11
4.64558e-11
-1.73346e-11
3.01745e-11
-5.88471e-11
-5.06377e-11
4.22023e-11
-8.62803e-11
1.41041e-11
3.84615e-11
-2.38224e-12
-2.04075e-12
4.23259e-11
-3.94579e-12
-4.98817e-11
2.66873e-11
3.75417e-11
-3.38922e-11
4.71253e-11
4.16163e-11
-2.24964e-11
9.10532e-11
-3.02123e-11
-9.56472e-12
1.3699e-12
4.15287e-11
3.67985e-11
-4.26689e-11
9.39666e-12
6.35926e-12
-1.76256e-12
1.83545e-11
-1.6169e-11
4.53317e-11
4.67333e-11
6.1184e-12
-3.22943e-11
-1.88869e-11
3.27104e-11
6.33574e-12
6.39146e-12
-1.44548e-11
-5.33389e-11
-1.81018e-12
2.37579e-11
-3.20065e-11
2.22949e-11
4.30434e-12
1.86486e-11
-3.81417e-12
-1.88709e-11
2.34804e-11
5.30775e-11
1.07652e-10
-2.72179e-11
-2.09761e-12
-4.06186e-12
6.63481e-11
6.95074e-11
7.19044e-12
7.41766e-11
-2.57943e-14
2.46688e-11
1.48216e-12
6.51167e-11
-3.61806e-11
-7.43951e-11
2.19996e-11
-4.87482e-12
-4.2877e-12
2.81491e-11
1.83825e-11
-4.17918e-12
-1.52677e-11
2.36304e-11
-6.31154e-11
-1.60659e-11
5.15197e-12
-3.88035e-11
3.73319e-11
-2.77528e-11
1.23633e-11
5.13309e-12
-3.36686e-11
2.11611e-12
1.2927e-12
2.85485e-11
1.32921e-11
-5.37629e-11
2.9123e-11
-8.18008e-13
-2.27929e-11
1.53743e-11
-1.48739e-12
8.23683e-12
-3.4668e-11
-2.98518e-12
-5.69233e-12
3.04499e-11
-3.05188e-11
-4.6647e-11
-1.5983e-11
-2.27514e-11
-4.42306e-11
-8.13492e-12
-4.97521e-12
6.99404e-11
-9.98581e-11
-1.81732e-12
-2.53465e-12
1.52204e-11
-4.44227e-11
-6.70059e-12
-2.27335e-11
1.3821e-11
4.52877e-11
-1.01636e-10
-7.49092e-11
-3.21368e-11
-3.15224e-11
-5.56607e-11
-3.15524e-12
-4.79514e-11
-2.48882e-11
-3.44194e-11
-2.46278e-11
-7.15017e-11
2.29341e-11
4.15684e-11
-2.24027e-11
6.59435e-11
3.46063e-11
5.42324e-11
3.86502e-11
-2.15808e-11
-1.41907e-12
-1.06934e-11
-1.54634e-11
-1.41442e-11
-2.34911e-11
-5.29459e-11
5.82318e-11
3.44943e-11
-4.15118e-11
2.31101e-11
-6.01584e-11
-3.92965e-11
-8.16177e-12
2.02905e-11
3.65001e-11
1.06279e-11
-1.4664e-11
-5.35299e-12
-1.17639e-12
1.64119e-11
-2.99552e-11
-1.03984e-12
-2.50084e-11
-6.92042e-11
-5.63641e-11
5.28864e-11
-5.22732e-11
-3.07629e-11
-2.16432e-11
-7.25065e-12
6.06444e-11
-9.17934e-11
-1.00329e-12
-3.95542e-12
-6.97676e-12
-7.96198e-12
3.56548e-11
-6.64261e-12
-2.7178e-11
8.4767e-11
1.37959e-11
3.07968e-11
-5.79568e-12
-6.4564e-11
2.76169e-11
2.19301e-11
-3.27199e-11
6.35211e-11
-1.34589e-11
8.59145e-11
-2.25245e-11
1.11137e-12
1.87685e-11
4.24738e-11
7.02687e-11
7.38403e-12
-3.13262e-11
8.52116e-12
-1.69665e-11
5.33648e-11
-4.94179e-11
3.16152e-11
3.50276e-12
-2.7062e-12
-1.9892e-12
-1.51386e-11
-6.51848e-11
5.54239e-11
2.11352e-11
-2.77517e-11
5.43144e-11
4.01717e-12
-1.26607e-11
4.05665e-11
-4.30435e-11
-9.63332e-13
9.69081e-11
5.71506e-11
9.3859e-12
-1.63174e-11
4.52636e-11
-3.2899e-11
-3.49855e-12
-3.84017e-11
3.44267e-11
-1.36385e-11
3.27078e-12
1.75044e-11
3.08047e-11
-1.38216e-11
1.94236e-11
-1.11998e-11
5.33825e-11
-3.65464e-11
-2.731e-11
-3.15216e-11
4.61033e-13
1.36632e-11
1.30354e-11
-2.36423e-11
2.13152e-12
-5.36832e-11
-1.97645e-11
3.11598e-11
2.96305e-11
-1.68279e-11
1.14761e-11
2.87133e-12
1.38571e-11
-6.42835e-12
-9.65011e-12
-2.03925e-11
-7.06775e-12
1.01389e-10
-2.95715e-11
4.6721e-11
1.63626e-11
6.7154e-11
2.83731e-11
-3.68851e-11
1.39154e-11
-4.5741e-11
3.87812e-11
-3.25971e-11
5.7094e-11
6.29927e-12
-1.67038e-12
1.21972e-11
2.95449e-12
-8.85237e-11
2.4083e-11
-3.72607e-11
-3.16407e-11
-1.83284e-11
1.67615e-11
-1.61346e-11
4.11242e-11
-3.11604e-11
-4.68276e-11
-4.98748e-11
3.58152e-11
-3.20507e-11
2.52298e-11
1.32688e-11
6.51531e-13
2.19638e-12
2.3322e-13
5.02122e-11
2.29555e-11
-7.52921e-11
-2.10905e-11
1.36039e-11
2.65576e-11
-3.95938e-11
1.40274e-12
1.9107e-11
4.07218e-11
-3.75758e-11
-5.94787e-11
-5.53749e-11
2.84726e-11
3.28868e-11
1.39916e-11
2.6486e-11
-6.54187e-11
-5.57936e-11
1.62589e-11
-1.5766e-11
2.00936e-11
-1.29429e-11
-1.609e-11
-1.77549e-11
-2.84199e-11
-1.56167e-11
1.59505e-11
-8.65641e-12
4.60831e-11
2.4356e-12
-2.18635e-11
-3.33763e-11
-4.89481e-11
1.49419e-12
4.45732e-11
-9.55627e-12
1.09108e-11
-3.96518e-11
-3.38406e-11
-1.65837e-11
1.54226e-11
-2.07438e-11
5.53299e-11
6.83393e-11
3.47729e-12
-4.83898e-11
3.83668e-11
2.2612e-11
4.02403e-11
-6.82196e-12
3.20751e-12
-2.51073e-11
-2.49052e-11
-7.2144e-11
-4.35312e-11
1.85719e-11
-4.85249e-11
1.39717e-11
-2.07874e-11
-4.09609e-11
6.59277e-12
-3.96818e-11
7.46356e-11
-5.35447e-11
-6.43627e-12
-1.41633e-12
-2.31645e-11
-3.27478e-11
-4.39855e-11
-3.60612e-11
5.88179e-11
-2.91162e-12
-3.51824e-11
-2.2294e-11
5.45353e-11
8.37063e-11
7.52444e-11
4.41616e-12
-4.76911e-11
2.89614e-11
4.40363e-11
-4.2517e-11
-1.74077e-11
6.11516e-11
-4.00695e-11
3.49331e-13
1.17962e-11
2.47408e-11
-4.16953e-11
-1.53241e-11
-5.26474e-11
-1.28732e-11
-6.69696e-12
1.01802e-11
-3.61051e-11
-1.56368e-12
-1.10692e-13
-4.71084e-11
-9.51596e-11
2.8751e-11
-1.31686e-11
3.67167e-11
9.76718e-12
5.05398e-11
1.77904e-11
-6.3307e-11
-5.45641e-11
6.00315e-11
3.41806e-11
-2.16325e-11
-5.77962e-12
-2.97075e-11
-6.39535e-11
3.96346e-11
-6.80648e-11
3.60046e-11
1.59452e-11
-1.27751e-11
-4.86378e-11
-3.0514e-12
1.32511e-12
3.72006e-11
-2.17725e-11
4.78526e-11
1.0836e-11
6.94412e-11
-1.30064e-11
1.71433e-11
-2.47001e-11
2.51681e-11
-4.73582e-12
-6.09659e-12
-3.46606e-11
6.81947e-11
-1.73756e-13
5.32276e-11
1.29797e-11
-3.10749e-11
-2.08369e-11
5.77556e-11
-2.81368e-12
-2.56971e-11
-6.69268e-12
4.65743e-11
-3.31006e-12
2.28841e-11
2.18191e-11
-4.90543e-11
4.75612e-11
5.59708e-11
-4.43744e-11
1.77937e-12
-2.46166e-11
6.63949e-12
-8.16577e-11
7.40373e-11
-1.19409e-11
2.81639e-11
-5.20293e-11
-6.49828e-11
-1.23239e-12
3.39704e-11
8.89404e-12
-3.32365e-11
5.60009e-11
-2.1853e-12
-4.43295e-11
9.99687e-14
-8.99919e-12
-4.62116e-11
-1.17808e-11
1.49375e-11
5.22974e-12
-3.40191e-11
5.21166e-12
-4.04241e-11
-5.63307e-11
-2.08862e-12
-3.97898e-11
-2.43453e-12
-2.27426e-11
-6.40245e-11
1.05657e-11
2.06242e-12
-1.09991e-10
-1.10083e-11
1.65257e-11
-4.2055e-11
5.37363e-11
8.57256e-12
2.18857e-11
-8.09764e-11
3.95313e-11
-1.17756e-11
2.35496e-11
-3.06762e-11
2.92889e-11
2.58727e-11
-2.34408e-11
2.61463e-11
-5.49254e-11
4.53841e-12
-1.41757e-11
-4.79894e-11
5.6276e-11
5.47187e-11
-1.00449e-11
6.69603e-11
-5.45652e-11
4.9292e-11
-5.53004e-11
-1.90627e-11
-1.79916e-11
4.27003e-12
9.2561e-13
4.40915e-12
-6.22303e-11
-1.44197e-11
1.85962e-12
2.07707e-11
4.0566e-11
-5.80516e-12
-1.95448e-11
-2.65376e-12
3.25691e-11
1.31285e-11
3.55689e-12
-2.19186e-11
2.85063e-11
4.02279e-11
1.61846e-11
-5.18315e-11
1.14563e-11
-2.51484e-11
-1.06722e-10
1.36425e-11
-5.29595e-11
-2.18893e-11
-3.45802e-11
-1.07562e-11
1.4988e-11
3.95319e-11
1.13115e-11
-3.64551e-11
-1.52518e-11
1.0657e-11
9.66622e-13
4.77254e-12
4.85715e-11
-6.24294e-11
-9.39482e-11
6.71411e-11
-2.16561e-11
2.73723e-11
1.25871e-12
-4.51691e-12
-6.49835e-12
6.48125e-12
7.78231e-11
-3.86184e-11
3.40642e-11
3.35715e-11
4.45491e-12
-1.05508e-10
-2.27091e-11
3.893e-11
-1.37195e-12
-1.48475e-11
1.0341e-11
-7.05256e-11
8.29609e-11
1.8836e-11
1.09602e-11
2.6119e-11
1.48728e-11
-5.1371e-12
7.03614e-11
-4.22628e-11
-3.55003e-11
-8.15749e-11
-2.01959e-11
-2.59098e-11
3.51904e-12
-1.61261e-11
-4.06523e-11
4.36386e-11
-1.16752e-14
1.02083e-10
-2.80632e-11
5.54032e-12
4.75862e-11
3.18349e-11
-3.18882e-11
-4.73274e-11
-7.22264e-11
3.44871e-11
3.83391e-11
-1.89122e-11
-2.49673e-11
-6.17329e-11
-1.88467e-11
-3.36365e-13
2.39968e-11
2.75255e-11
-9.1703e-12
8.48814e-11
-1.63346e-13
3.64031e-11
-3.47569e-11
-6.00505e-11
-7.42959e-13
-5.28469e-11
2.37005e-11
5.3055e-11
-1.80118e-11
5.40381e-12
-2.70464e-11
1.00931e-12
1.17286e-11
-7.62466e-12
8.187e-11
-7.49714e-11
-1.37812e-12
-9.25869e-12
2.33144e-12
1.48409e-11
-1.19202e-11
-6.99908e-12
1.85648e-14
-2.31192e-11
-1.48128e-11
-5.62648e-11
3.32855e-11
1.17424e-11
-7.95057e-12
-3.68536e-11
3.56451e-11
2.51152e-11
-5.87356e-11
-4.40015e-11
6.86399e-12
8.60807e-12
8.60859e-11
-6.39746e-11
-1.849e-11
2.52109e-11
-4.74099e-11
-5.04292e-11
2.71883e-11
-1.05514e-11
1.44565e-12
-2.06093e-11
3.96779e-11
-1.11074e-11
-8.31625e-11
2.05583e-11
3.59392e-12
-2.08764e-11
4.58511e-11
1.91283e-11
-1.70504e-11
3.49414e-11
5.474e-13
2.13282e-11
2.66547e-11
-2.30761e-11
3.20253e-11
4.99873e-11
-3.77614e-11
2.18396e-11
5.16571e-12
1.94924e-11
-3.35757e-11
2.11508e-11
1.52086e-11
-4.87e-12
-7.51316e-12
-9.0327e-12
4.31497e-11
-2.23513e-12
-2.94097e-11
1.46345e-11
-7.87543e-12
-1.87678e-11
2.05324e-11
3.48039e-11
9.61445e-12
2.81645e-11
3.76845e-11
-1.67241e-11
-3.64905e-11
3.28137e-12
-1.44752e-11
-3.20809e-11
-2.57156e-11
-2.06869e-11
6.25439e-11
5.57851e-11
3.21904e-13
2.71375e-11
3.82484e-11
-7.73534e-11
-2.50636e-11
1.10381e-11
-1.30522e-11
2.96132e-11
1.66725e-11
-2.32964e-11
2.00303e-11
1.19724e-11
4.34012e-11
3.68665e-11
-1.58453e-11
1.16023e-11
-2.59236e-12
-4.97573e-11
-1.07613e-11
-2.316e-11
4.85781e-12
-5.73955e-11
2.96364e-11
1.23813e-11
-3.76212e-11
-8.68333e-12
3.2625e-11
-3.72477e-11
-4.41641e-11
3.26277e-11
-3.86283e-11
-1.77585e-11
-1.50124e-11
5.78566e-12
2.04288e-11
-5.39112e-12
3.68399e-11
-1.44721e-11
2.13199e-11
1.0257e-11
4.57683e-12
-2.16618e-11
1.63521e-11
5.43686e-11
-2.79841e-11
-7.13483e-11
1.11145e-11
-1.10404e-11
1.72416e-12
-4.75685e-11
-3.27804e-12
-1.80416e-11
1.79879e-11
3.35989e-11
-7.78685e-12
3.19982e-11
-1.02703e-11
4.50274e-11
2.51954e-11
-3.27171e-11
6.09265e-11
-1.7443e-11
5.14459e-11
3.95142e-11
2.21878e-11
4.88959e-12
-1.11797e-10
9.07549e-12
-1.13199e-11
6.23659e-11
-2.02989e-11
5.8525e-11
4.90548e-11
1.79911e-11
8.22516e-11
-9.14007e-12
4.38382e-11
-4.65072e-11
-7.60467e-12
3.70521e-12
-2.97019e-11
2.49684e-11
2.84966e-11
-5.95627e-11
-3.09669e-11
-9.6841e-12
-1.49014e-11
4.92556e-11
-3.57355e-11
-2.53232e-11
2.49062e-11
-4.42376e-11
3.26571e-11
4.55332e-11
5.28653e-11
-9.64721e-12
-5.38499e-11
-9.69458e-12
-4.37459e-11
-1.72314e-11
-4.51944e-11
-1.17602e-11
6.05841e-11
-6.22244e-11
-5.30959e-12
1.40336e-11
-3.25972e-12
4.2177e-11
-2.47266e-11
4.00984e-11
-8.58942e-11
-3.49565e-11
-8.82803e-11
-9.15894e-13
-6.07514e-11
-5.95941e-11
4.37524e-11
-5.36958e-11
1.66814e-11
2.58646e-11
1.97052e-11
1.80264e-11
3.71324e-11
6.47502e-11
-1.16573e-11
-2.06462e-11
7.23711e-11
-2.42197e-11
-2.78845e-12
-1.73131e-11
3.20733e-11
-1.18437e-11
1.54916e-12
-3.94584e-12
-2.55607e-11
-3.05446e-12
8.82378e-12
4.8847e-11
-9.42925e-12
4.05938e-11
-4.80316e-11
-6.59908e-11
5.90455e-12
-6.22169e-11
-5.62059e-11
5.66641e-12
1.93502e-11
-3.79132e-11
6.71806e-11
-3.19112e-11
-5.60485e-12
2.59762e-11
-1.26916e-11
5.45574e-11
3.7233e-11
2.74269e-11
3.59249e-11
-1.43367e-11
-3.28296e-11
-4.16307e-12
-1.71366e-11
-2.101e-11
-1.48936e-11
1.56098e-11
5.31136e-11
2.72399e-11
4.46026e-11
1.35289e-11
6.49617e-11
-8.81653e-12
2.55887e-11
2.35726e-11
4.38984e-11
1.30815e-11
1.57465e-11
1.83532e-11
-2.66777e-11
-4.96375e-11
-8.74102e-12
-5.43809e-12
4.82379e-11
-3.0087e-11
-2.95775e-11
-3.7732e-12
-2.15693e-11
-4.30407e-11
-2.04824e-11
4.95248e-11
4.66515e-11
1.57673e-11
4.39007e-11
4.63455e-12
-5.21255e-11
-1.39755e-11
-2.9295e-11
3.72901e-11
-6.55294e-11
-3.73895e-11
3.9502e-11
-1.64775e-11
2.48455e-11
-2.45002e-11
1.3176e-11
8.53942e-12
-5.58501e-11
-4.88634e-11
-2.27327e-11
-4.54568e-11
3.73491e-11
-4.57579e-11
-9.96453e-13
-1.9563e-11
-4.73827e-12
-4.38076e-11
-2.36268e-11
8.94212e-12
-1.33834e-11
-1.63183e-11
-7.80632e-11
5.60564e-11
1.42421e-11
2.47852e-12
-7.39219e-11
-1.18978e-11
6.04265e-11
-4.50075e-11
-4.06522e-11
-3.23021e-12
1.03718e-11
-3.27149e-11
4.8683e-11
-2.17396e-11
3.38554e-11
4.1839e-11
4.77425e-11
1.12359e-11
8.92306e-11
5.81751e-11
1.79454e-11
-1.06062e-11
1.53764e-11
9.77024e-12
3.40253e-11
-4.37097e-11
3.03282e-11
-7.30546e-11
1.14062e-11
4.29952e-11
-1.18668e-11
3.74165e-11
-1.93489e-11
6.63533e-11
-1.69191e-11
-3.29565e-11
6.1171e-11
3.04896e-11
2.88424e-11
-1.21575e-11
-7.66085e-12
-5.07663e-11
-3.00503e-11
2.61292e-11
-4.52524e-11
-6.77153e-12
6.27588e-12
2.08812e-11
-5.88084e-11
-7.57653e-11
-2.77385e-11
-8.83529e-11
-5.09282e-11
5.12454e-11
-6.64736e-13
1.95214e-11
3.35608e-13
3.40535e-11
3.05358e-11
-3.91213e-11
2.35871e-11
-6.38668e-11
-7.88716e-11
-8.7293e-13
-6.55844e-11
-3.79971e-11
5.2586e-12
-1.73887e-11
2.82332e-11
6.93063e-12
8.44866e-11
-2.13158e-11
2.54369e-12
-1.64294e-11
2.07492e-11
3.15794e-11
1.31081e-11
-3.65097e-11
-2.47822e-11
-3.14504e-11
-5.52771e-11
-2.6124e-11
5.18325e-11
-1.0575e-11
-1.52908e-11
-3.10134e-11
1.07279e-11
-3.90403e-11
4.10817e-11
1.5501e-11
-6.62558e-11
-2.84835e-13
-7.55285e-11
1.04835e-11
-1.24955e-11
6.01896e-11
-9.90174e-13
-2.42788e-12
2.22416e-12
-4.77497e-11
5.61469e-12
-2.15727e-11
1.63167e-11
1.93295e-11
-2.74818e-11
1.54284e-11
-3.52735e-12
-5.03206e-11
-6.8456e-12
-4.78988e-12
7.78279e-11
-1.56412e-11
-3.38119e-11
8.04286e-12
-4.86497e-11
6.91315e-11
9.04949e-11
3.6392e-11
-3.00773e-12
5.90279e-12
-1.85571e-11
-1.49481e-11
-3.83314e-11
-5.41791e-11
-2.68811e-11
2.00675e-11
-3.50121e-11
5.42553e-12
1.76604e-11
5.10761e-11
-3.52244e-11
1.39022e-11
-3.39142e-11
-1.49125e-11
-5.92148e-11
-7.64752e-11
7.1127e-12
-4.38689e-12
1.84314e-11
2.24697e-11
2.52543e-11
-3.97112e-11
5.3447e-12
3.93829e-11
-5.4349e-11
1.56682e-11
-4.38777e-11
-3.8766e-12
-2.0317e-11
8.84502e-11
-5.36305e-11
-1.96359e-11
-5.14979e-11
-3.2323e-11
-4.64147e-11
-9.28528e-11
-3.61175e-11
1.27975e-12
3.54845e-11
2.13664e-12
-7.84827e-11
3.88034e-11
-9.80756e-12
2.36197e-11
2.84447e-11
-4.69083e-11
-2.44954e-12
-1.14319e-11
5.89079e-11
-8.17217e-12
-5.70894e-11
-8.18238e-13
5.63371e-12
-8.95946e-12
-1.73805e-11
3.11017e-11
7.9769e-12
4.1653e-12
-7.96086e-12
9.83905e-12
-6.94326e-11
8.83821e-12
-1.0203e-11
-5.02374e-13
-1.16173e-11
4.2063e-11
-8.21182e-12
3.36863e-11
-1.2759e-11
-1.46594e-11
7.1368e-11
-2.92145e-11
6.94638e-12
-1.70898e-11
-4.88824e-11
-8.21278e-11
-2.28979e-11
7.26219e-12
-5.65381e-11
-2.95617e-12
-1.17498e-11
2.90059e-11
3.96664e-11
-3.80201e-11
1.04122e-10
-6.99184e-11
-2.56274e-11
7.20802e-11
-2.29964e-11
-3.09534e-11
-5.61053e-12
-2.54825e-11
-7.47415e-11
3.62033e-11
-6.37987e-11
-4.40287e-12
-6.69597e-11
2.37961e-11
1.26742e-11
2.53385e-11
-2.83485e-11
-9.15645e-11
-1.69583e-11
-3.3105e-11
-5.46609e-11
3.3886e-12
9.33847e-12
5.3019e-11
4.14691e-11
3.24948e-11
4.34921e-11
4.119e-11
-4.50583e-12
5.65277e-11
-6.87869e-12
7.50752e-11
-5.11858e-12
-4.45163e-11
5.17148e-11
-5.01845e-12
2.71156e-11
1.91848e-11
-1.04026e-10
1.91222e-11
-2.24055e-11
-5.08154e-11
-5.04046e-11
-2.01936e-11
1.33584e-11
-1.09423e-12
3.10708e-11
-3.75715e-12
3.05531e-11
3.15124e-11
-1.51618e-11
-3.53808e-11
3.16221e-11
-4.49409e-12
1.13145e-11
8.85513e-12
4.39517e-11
6.89148e-11
2.50319e-11
-2.04779e-11
2.88991e-11
-1.81349e-12
-3.28389e-11
-2.63668e-11
3.58922e-11
6.24167e-11
-6.61531e-11
-3.79784e-11
2.32024e-11
-2.91903e-11
1.42749e-11
2.10904e-11
2.9246e-12
4.01173e-11
-7.4889e-11
1.44741e-11
1.3342e-11
-4.74881e-12
-1.96487e-11
-1.47565e-11
-1.86362e-11
-1.78635e-11
8.27085e-12
6.30864e-11
-2.73732e-11
6.63138e-11
1.04025e-10
-7.03177e-14
-3.24344e-11
1.3108e-12
-1.89899e-11
-2.31489e-11
-2.47509e-11
-4.21006e-11
8.09608e-11
-4.08153e-11
6.92453e-11
2.35838e-11
-8.35071e-11
-2.67818e-12
3.09128e-11
-3.59469e-11
9.31095e-12
3.79631e-11
2.2345e-12
2.16218e-11
4.38111e-12
-2.22993e-11
1.05682e-11
2.44364e-11
1.19073e-11
-1.57234e-11
-1.49802e-11
3.83797e-11
5.51457e-12
-6.77626e-12
-5.34408e-11
-8.52485e-12
-8.11761e-11
-8.08846e-11
5.82106e-11
-2.88062e-11
2.93267e-11
-5.59642e-11
6.50786e-12
1.36291e-11
-1.18348e-11
1.75859e-11
-9.71841e-12
5.63165e-11
-2.06424e-11
-3.32832e-11
4.35471e-11
-1.80173e-11
-5.71877e-12
2.45212e-11
-3.67542e-11
-2.94157e-11
-3.1049e-11
3.48589e-11
-4.55084e-11
-9.77551e-11
5.34491e-12
-4.26708e-11
2.39869e-11
6.98738e-11
-4.39122e-11
-2.31777e-11
5.29201e-11
-6.16684e-11
5.68876e-11
-2.95732e-11
-1.31913e-11
-6.28611e-11
-7.30315e-12
3.87004e-11
5.07551e-12
3.64564e-11
1.21826e-12
-1.77041e-11
-6.87151e-11
-3.72086e-11
-2.44004e-11
6.35918e-11
1.42244e-11
1.16338e-11
-2.63664e-11
-6.63338e-12
3.16166e-11
4.60063e-12
2.81624e-12
-1.16183e-11
4.06475e-11
3.44649e-11
3.13738e-11
3.49942e-11
2.18774e-11
-6.19558e-11
-6.37111e-11
1.2485e-11
3.94556e-11
4.04933e-13
8.59188e-12
4.42275e-11
-8.10242e-12
5.12698e-12
3.89078e-11
1.28517e-11
4.88043e-11
9.73053e-12
4.66176e-11
2.99121e-11
-2.41774e-11
-2.17835e-11
4.57922e-12
1.74428e-11
-1.94846e-12
3.10251e-11
-1.74305e-11
1.11229e-11
1.7845e-11
2.28744e-11
-3.41014e-11
2.45794e-11
2.89429e-12
-6.14766e-11
-6.75694e-11
5.77527e-11
-4.25003e-11
-1.16169e-11
-8.32506e-11
-1.65785e-11
-4.32168e-11
1.82139e-11
3.37176e-11
4.69448e-11
-4.57648e-11
2.65771e-11
2.50315e-11
5.18436e-11
-1.34135e-11
-4.16819e-13
-4.70547e-11
6.47831e-11
-4.79533e-11
1.89676e-11
1.66827e-11
-3.62204e-11
7.49848e-11
3.21811e-11
-3.09462e-12
-3.4041e-11
-3.17859e-11
-1.16532e-11
7.03949e-12
9.82231e-12
2.73524e-11
5.68009e-12
1.54942e-12
-3.48599e-11
1.83276e-11
6.68172e-11
-1.74044e-11
6.11497e-11
-2.91733e-12
-3.99506e-12
-1.38173e-11
-3.68236e-11
1.85729e-11
-4.83034e-11
7.36965e-12
2.73907e-13
-1.15502e-11
-3.15901e-11
-7.48519e-11
4.61721e-11
-8.28329e-11
-2.1111e-11
-2.3411e-11
-2.11085e-11
-7.90317e-11
-1.10816e-11
-1.28786e-11
-4.94782e-12
-1.66052e-11
7.03647e-11
-1.08471e-11
-3.87846e-11
-6.15516e-12
1.15662e-11
-2.83113e-11
-1.90636e-11
5.81514e-12
4.59996e-11
-8.50066e-12
6.25738e-11
3.79675e-11
-3.81451e-12
4.27754e-11
3.27542e-12
-5.717e-11
-4.72885e-11
3.85841e-11
-2.95672e-11
4.2458e-11
-1.76386e-11
4.10423e-11
1.64933e-11
-6.54796e-12
1.53485e-11
-5.16047e-12
-5.77011e-11
-3.71011e-11
-4.1483e-11
3.51918e-11
-2.10447e-11
-3.05171e-11
1.7024e-12
-6.31025e-11
-5.88044e-11
3.98104e-11
5.24334e-11
-2.36281e-11
5.1588e-11
-6.35183e-12
-1.88835e-11
1.536e-11
4.49303e-11
-9.94862e-12
2.10241e-11
3.5047e-12
7.2548e-11
2.8771e-11
1.55705e-11
-3.24627e-11
-3.53767e-12
3.77403e-11
-2.57881e-11
-5.31326e-11
3.39097e-11
-9.95972e-12
5.56148e-11
-2.67401e-11
4.36517e-11
1.5187e-11
6.99988e-11
-7.4413e-11
-1.42391e-11
-4.68352e-12
-1.83173e-11
2.13182e-11
4.61122e-11
3.47478e-11
3.90929e-12
-2.12404e-11
-3.5051e-11
-5.40429e-11
-1.42674e-11
8.91712e-12
2.15806e-11
-2.1314e-11
5.87637e-11
-3.33941e-11
3.1037e-11
3.02771e-11
8.80823e-12
7.44062e-12
-8.11253e-12
-2.28533e-11
-3.84538e-11
4.74831e-11
-7.0006e-11
3.38982e-11
1.26656e-11
-5.24052e-12
3.43074e-11
1.23287e-11
-1.61682e-11
1.86031e-11
1.42677e-11
2.64038e-11
2.24877e-11
-5.75977e-12
-1.12745e-11
-1.05697e-12
-1.06892e-12
-3.05142e-11
