-2.2159e-16 
-2.21569e-16 
-2.21506e-16 
-2.21398e-16 
-2.21243e-16 
-2.21039e-16 
-2.20783e-16 
-2.2048e-16 
-2.20139e-16 
-2.19783e-16 
-2.1943e-16 
-2.19152e-16 
-2.18956e-16 
-2.18845e-16 
-2.18797e-16 
-2.1878e-16 
-2.18764e-16 
-2.18733e-16 
-2.1868e-16 
-2.18607e-16 
-2.18454e-16 
-6.27744e+66 
-6.27744e+66 
-6.27744e+66 
-6.27744e+66 
-6.27744e+66 
-6.27744e+66 
-6.27744e+66 
-6.27744e+66 
-6.27744e+66 
-6.27744e+66 
-6.27744e+66 
-6.27744e+66 
-6.27744e+66 
-2.19004e-16 
-2.19096e-16 
-2.19165e-16 
-2.19212e-16 
-2.1924e-16 
-2.19252e-16 
-2.1927e-16 
-2.19262e-16 
-2.19251e-16 
-2.19239e-16 
-2.19228e-16 
-2.19219e-16 
-2.19214e-16 
-2.1921e-16 
-2.19208e-16 
-2.19207e-16 
-2.19229e-16 
-2.19229e-16 
-2.19229e-16 
-2.19229e-16 
-2.1923e-16 
-2.19232e-16 
-2.19236e-16 
-2.19241e-16 
-2.19249e-16 
-2.19259e-16 
-2.19281e-16 
-2.19297e-16 
-2.19314e-16 
-2.19333e-16 
-2.19351e-16 
-2.19368e-16 
-2.19383e-16 
-2.19394e-16 
-2.194e-16 
-6.27744e+66 
-6.27744e+66 
-6.27744e+66 
-6.27744e+66 
-6.27744e+66 
-6.27744e+66 
-6.27744e+66 
-6.27744e+66 
-6.27744e+66 
-6.27744e+66 
-6.27744e+66 
-6.27744e+66 
-6.27744e+66 
-6.27744e+66 
-6.27744e+66 
-6.27744e+66 
-6.27744e+66 
-6.27744e+66 
-6.27744e+66 
-6.27744e+66 
-6.27744e+66 
-6.27744e+66 
-6.27744e+66 
-6.27744e+66 
-6.27744e+66 
-6.27744e+66 
-6.27744e+66 
-6.27744e+66 
-6.27744e+66 
-6.27744e+66 
-6.27744e+66 
